1306 1712
1057 1169
1983 2956
752 2146
757 2645
733 1856
1673 2075
909 1269
2814 3133
492 2742
734 2852
178 1449
1376 2376
1006 3250
873 2925
46 2839
187 2303
505 882
399 556
354 698
593 2830
2684 2700
1356 2777
1339 2401
336 3174
1121 2076
586 2147
233 308
490 1857
948 2580
3102 3135
310 1900
157 1856
1028 1838
726 1959
1209 2941
526 542
2059 3214
678 834
2751 3072
1604 2441
2527 2891
2104 2574
434 1774
1614 2537
743 1594
141 2213
223 2219
1857 1870
881 1268
729 1508
843 3173
2494 2625
1553 2737
459 2339
76 2660
98 2558
987 2848
1200 2840
1973 2725
531 2395
21 363
848 2222
747 1117
200 3109
807 1641
125 423
488 2944
157 1296
2382 2897
54 2623
1772 2356
1560 1912
494 1885
391 1782
2538 2765
703 2829
1065 2928
2086 2667
731 865
1599 1996
2542 3167
889 2985
581 2906
56 1796
2723 3010
1900 3012
1336 2202
2104 2668
668 1597
651 1170
2072 2387
38 351
988 2738
73 2979
482 1065
492 504
868 1485
2412 3244
276 2491
1800 3247
672 915
8 1336
1911 2011
86 2534
819 880
130 702
147 798
2433 3206
528 2318
160 706
776 1927
1585 2518
1080 3066
696 1465
2245 2400
726 2775
939 2547
545 1122
2330 3143
218 2929
3020 3036
1399 2439
102 340
1395 1468
838 2512
2788 2801
2367 2968
288 2744
1458 2144
1128 1511
1799 1915
866 1350
889 2843
624 828
822 2054
842 2997
1564 3133
758 1037
1582 3079
40 1994
1835 2280
775 3055
1607 2360
1831 2337
2768 3063
939 2301
1355 2366
807 1247
2146 2248
270 419
2152 3041
1577 1882
1351 2565
481 1985
660 2805
619 3249
1947 3184
1451 3069
68 212
1125 1656
1087 1442
276 2993
2072 2513
1216 2152
1344 1572
1179 1529
164 604
568 1222
1679 1797
527 568
2696 3230
96 340
1543 1858
586 2181
76 2831
589 705
156 496
908 3160
560 2528
1675 2387
687 1912
441 659
889 2954
1971 2432
312 2770
472 2858
606 869
601 2564
492 1184
608 2773
1309 3109
490 926
1916 2421
887 1281
651 2194
288 3085
479 1564
1145 2528
720 3007
1284 2198
706 756
34 986
740 2748
370 2201
1451 1654
694 2866
931 2514
824 1173
505 868
582 909
2662 2890
518 1127
450 1657
80 1680
1571 2883
659 1566
494 2217
627 1470
192 3008
1514 2917
2146 3186
2661 2697
2548 3040
1195 2241
134 771
2205 2555
381 848
778 2857
356 2919
1377 2352
1298 2802
2874 3242
922 2679
1254 2035
2651 2941
76 1918
140 2390
1121 2896
2170 2723
1594 2926
670 1629
723 3174
2171 2459
933 1134
609 2089
1218 2278
609 2945
1510 1560
742 1826
818 2065
2852 3215
932 1553
1769 2510
488 1913
2881 2963
446 2143
1260 1885
893 1916
1044 2066
1398 3092
288 2723
1014 1155
956 3093
1476 3087
1253 3167
806 934
1942 2801
1196 1779
164 2337
702 2066
703 2894
814 2773
780 790
1829 2866
131 2504
161 3259
296 2304
41 424
751 1639
182 789
461 627
2887 2945
567 3113
766 1957
459 3260
675 2510
396 951
75 1139
2655 3072
1443 2506
1511 3205
1130 2649
580 3130
177 583
2558 3074
571 1184
929 1292
744 1546
1184 3148
557 2912
2094 2516
669 987
635 2864
1401 1811
182 219
805 1941
905 2401
193 2316
151 2168
1565 2042
586 1454
1488 1872
2214 3027
1775 2096
801 1981
611 2388
1477 2222
2214 3198
694 1298
188 2700
1305 2600
2400 2530
2287 3217
1943 2149
1396 1907
192 368
1883 2659
1975 3240
747 1580
160 808
216 358
239 2514
149 2788
650 666
1412 2076
2445 2517
1275 1745
248 914
20 2363
274 716
656 2072
636 1515
891 1694
371 2296
368 2954
842 2050
925 1174
484 831
1204 1289
31 2925
1626 1856
2235 2523
6 249
1511 2270
2917 3065
776 3185
2041 2575
218 1128
434 2715
868 1160
1544 3042
226 676
2723 3217
1252 1670
956 2758
674 1630
1472 1618
653 1628
98 1970
212 2509
1967 2509
137 1368
917 2145
778 2113
1807 2682
434 455
528 2294
224 3153
513 3243
2866 3089
860 2693
533 2492
953 2454
35 2944
171 1465
853 863
2840 3089
469 2642
2049 2071
364 838
2092 2353
2158 2516
1086 1859
8 2450
249 1977
1822 3151
725 1575
287 1791
1295 2305
743 2323
365 1922
2064 2904
1594 2418
247 948
663 1669
464 2390
738 2030
1479 2731
915 1349
133 548
287 1795
526 845
1694 2199
1677 2409
1242 1398
542 549
879 1117
539 895
992 1968
2966 3130
1883 2516
101 1377
880 2499
1387 1579
983 2076
1147 2844
1270 2561
1019 1567
1308 3257
154 2104
1585 1896
869 1372
1574 3235
386 2237
985 1080
741 2649
327 349
1818 2945
307 2149
2246 2688
1679 2565
173 2497
1541 2236
1411 2761
2454 2999
1128 3156
680 1696
1399 2280
699 2736
300 2553
591 685
593 2382
723 1441
722 3209
13 2848
699 1038
722 2548
500 1758
588 996
1599 2628
1653 1724
1906 2213
189 834
371 1297
831 2974
1941 2690
209 1457
276 562
640 2399
959 1334
758 858
3084 3167
979 1031
1603 2866
941 2229
985 1612
1643 2474
2374 2916
733 1618
804 2220
790 1466
348 2799
1486 1798
900 3065
475 2795
607 2953
306 2124
1063 2485
744 1970
223 642
401 3074
205 2741
1990 2038
808 2754
49 1483
938 2738
1247 1959
727 1667
1313 2160
508 928
2123 2212
907 2839
1306 2027
479 499
1377 3246
1102 1978
523 1536
1911 2257
43 1142
448 1628
1342 1667
57 1372
1557 3250
1200 2060
648 1501
853 2927
738 2696
809 3156
374 1215
550 2740
390 2235
1773 2300
2058 3244
2075 2171
223 684
56 2782
952 1766
1509 2586
284 1459
458 1349
671 965
723 1177
700 1086
1416 2198
2944 3083
2645 2992
803 3156
1317 3113
532 2042
2512 3070
702 2666
1117 1556
909 3039
697 1211
38 1333
42 1981
583 1541
376 1941
290 1575
617 2769
784 945
764 2795
17 2401
1300 1957
800 2882
548 770
144 1006
763 2881
1347 2388
139 538
1643 2307
560 2210
785 2491
883 1472
2364 2530
2761 2930
195 2516
226 756
1483 1885
2127 2837
372 1074
1509 3102
81 1385
2394 3049
2234 2781
598 2395
523 1412
190 701
527 870
450 1492
1524 3175
957 1979
1173 2623
1476 3208
35 2237
291 2355
814 2781
1193 2682
2207 2743
2205 2514
587 1599
2527 3178
2504 2508
3059 3071
2088 2894
338 1636
556 3198
2972 3249
499 2580
1198 2170
787 2295
1589 1823
149 705
160 2061
340 880
2039 3173
709 2213
1200 3216
188 2536
1685 1857
372 3114
1256 1891
794 2145
1781 2238
2465 3094
125 1972
827 2768
820 1478
817 2802
2616 2965
103 377
2227 2693
1192 2899
659 1824
1556 1966
2050 2240
1234 2564
542 2146
1063 2992
1488 3004
891 1347
1062 3233
622 2316
1289 2174
1359 2835
438 488
210 3037
192 1399
1 155
1639 3169
1977 2363
214 3112
893 3011
2651 2741
792 2759
164 1493
538 2412
1860 3232
791 3133
1175 1249
480 2619
2586 2850
323 491
2064 2851
43 1378
682 2077
2708 2882
1312 3135
848 1758
986 1807
212 2146
1796 3037
725 1583
1545 2176
1980 2642
780 863
71 2777
2195 2298
1139 2157
39 1189
2536 3135
1177 2596
381 3153
358 2649
774 1456
621 3076
2058 2969
1211 1331
194 2401
621 1461
434 1855
518 1977
933 1488
639 683
5 2794
1195 2844
915 2988
39 187
673 2128
1074 1362
2307 2564
1626 1860
683 979
322 374
313 1529
907 1254
280 1870
1350 2957
2224 3115
1282 2444
43 1202
1250 2042
724 1209
98 823
2783 3159
1342 2206
324 884
1612 1789
2342 2889
138 3156
814 820
209 2537
582 1043
154 2491
223 1558
858 3000
2210 2523
816 1077
1694 1786
859 2345
1983 2058
779 1615
1416 2997
453 2805
180 184
959 2160
2049 2600
1062 2686
302 1381
2204 2419
835 2882
2432 2961
1215 1779
949 2137
638 1603
746 1226
2220 3222
956 1874
1206 1815
488 1686
832 2983
882 3215
1345 1727
969 1173
493 3206
166 350
1148 2465
194 3084
737 952
2867 3148
809 923
1913 2758
671 1896
2596 2931
904 2804
380 1455
226 2744
127 2128
70 1416
1195 3020
31 2220
1247 3087
1257 1485
854 1215
75 1332
749 1818
1125 2004
710 2656
36 1346
397 3094
762 2983
32 844
2388 2485
339 3202
1712 2915
800 2803
918 1663
170 2738
2550 2925
944 1771
2376 2912
41 2302
1031 2960
723 2454
313 2417
1001 2454
495 979
369 2368
2219 3217
766 2596
279 632
740 2349
456 1281
175 2799
1174 2760
140 990
1795 2526
1585 1827
2228 2527
391 863
1259 2863
66 831
782 2089
39 580
1396 2372
2803 3248
656 701
387 695
40 1754
297 3153
1824 2011
1038 2917
902 2432
1485 2553
674 2994
389 2649
235 2418
2578 2891
1486 1901
784 2305
36 2084
2 838
870 2069
985 2246
816 1838
356 866
62 1658
2158 2725
1024 1298
908 1184
280 1880
1383 3249
2009 2928
673 2659
498 2075
563 2512
1253 1474
1769 2976
389 622
855 3212
534 901
356 2152
2537 2668
1347 1626
2173 3117
20 1919
710 2525
1065 1130
2356 3000
153 2634
474 480
361 1085
1603 2250
1885 2069
141 821
2522 3036
1019 1175
1536 2323
517 2582
1551 1826
387 1513
918 3083
1297 3249
322 811
156 755
670 2900
1985 2960
280 3222
1436 2041
1296 2491
76 770
1859 2161
1626 2123
1957 1995
623 2952
1287 1641
1693 2794
582 1509
71 1402
324 1984
176 1218
741 1963
2211 2445
842 1286
302 847
2735 2828
527 1475
621 1816
2743 2748
1343 2313
2090 2655
928 1556
2662 3012
2298 3212
1449 1615
70 659
20 3094
231 735
629 1493
2038 2230
2690 2861
1775 2208
1350 1544
1568 2440
2205 2596
1125 3246
719 985
992 1309
76 2703
495 1303
1282 3260
2963 3019
697 2719
2578 3049
591 1411
896 2657
866 3084
660 2188
11 1472
2511 3230
740 847
1855 2508
1890 2173
645 1135
342 2448
1760 2337
877 1799
1185 2049
495 1223
2132 2421
1385 1406
1620 1670
2848 3247
1510 2004
969 1974
818 1896
1102 2552
86 1272
171 3117
1056 1461
22 1760
1388 2502
1583 2376
2547 3005
782 3105
131 364
2361 2716
26 2039
27 1459
746 1644
532 1944
290 2259
1892 2830
1383 1800
1599 1955
239 2985
75 177
1772 2964
1201 1670
185 510
877 1179
52 2301
284 1527
1196 2060
1774 2946
644 1256
2887 3239
773 3059
61 2330
73 342
1194 2850
1710 2972
2258 2782
1372 2443
695 3135
3046 3072
141 953
2351 2419
683 2091
1821 1856
170 2513
224 908
99 925
1989 2838
183 799
558 1332
332 2191
105 1942
198 1929
1269 1667
876 1172
136 146
672 2218
328 538
1134 1455
763 2337
1225 3018
276 2274
974 2011
1346 2492
2931 3093
2296 2651
683 828
699 3066
853 2760
1880 2222
698 1359
2305 2812
312 1499
1075 1401
1686 3116
40 160
2485 3240
714 1343
614 731
198 795
22 2330
451 3167
2649 2988
38 1870
387 1215
1436 2852
97 2366
1774 3212
764 1396
1793 3074
1528 2123
748 2429
2207 3244
1758 2884
914 2660
832 2704
1133 2983
461 1778
653 769
1344 3007
704 945
184 3173
1901 2096
102 2245
378 3202
388 1891
2580 2693
2393 3113
18 3070
565 2844
1525 1771
1099 1928
1062 2438
547 1655
1287 2864
483 644
586 1739
675 3226
1188 1475
1517 2468
388 557
676 1543
850 2620
625 1398
1772 2661
1570 3217
957 3101
141 336
1571 1955
983 2259
644 1625
900 1072
745 2046
33 3208
729 1562
2744 2747
1382 1385
630 2227
1473 2360
1547 2792
722 1763
1821 3037
2373 3002
245 2156
190 863
1647 3242
690 2041
1680 2968
920 3198
291 2684
2961 3250
2035 2298
190 726
399 693
904 2294
787 1094
1156 2547
57 931
829 3069
2300 2628
1527 2364
223 2577
1795 2976
378 743
1336 3141
2337 2979
57 2392
69 2983
32 297
463 1406
2230 2683
1298 3198
33 1298
1313 2506
813 2488
46 1437
141 2095
205 953
526 1995
510 2460
868 2769
288 868
187 490
690 1673
1209 1381
887 2800
1465 2858
210 510
2010 2348
701 2156
495 1486
46 3156
2202 2768
1352 2753
651 838
2304 2979
331 2148
1515 2038
558 2756
2440 2994
1142 2158
1499 3158
1088 1176
1779 2438
81 149
1542 1850
602 2134
1225 2510
2964 3092
463 642
632 1174
1970 2626
17 3105
174 732
803 1617
1351 1552
2220 2223
1946 2128
832 1581
1900 2062
1775 1845
2951 3075
1044 1811
503 2301
202 388
1298 1677
1760 3159
906 2873
643 2084
2008 3186
588 865
334 920
777 2152
488 1291
1174 1603
25 1553
978 2064
539 1088
175 2055
212 2084
494 2899
2659 2907
923 2250
557 2459
1942 2708
1257 2528
126 1654
1222 1292
2312 2351
2211 3247
836 2742
680 2959
1131 1599
1782 2656
142 617
444 2522
2084 2964
454 1385
42 2868
608 1294
1177 2692
633 2205
777 2257
105 2248
54 812
239 1458
2783 2906
2109 2915
636 2886
1633 1935
283 944
1271 2058
517 728
673 802
1069 2624
879 2825
20 1528
160 1120
587 1763
820 2655
808 2721
57 1977
652 2253
654 688
409 1140
1383 2685
1271 2093
640 681
6 2825
1845 2919
196 1994
902 2866
2485 3239
1470 2544
730 2353
2182 2999
134 1271
892 1607
56 901
348 2450
130 571
562 2665
511 2632
534 2182
939 2127
464 496
1796 3233
1223 2038
499 1797
192 2128
365 2695
691 2320
837 1801
2634 2982
2536 3089
103 3084
1469 1779
856 1333
37 1187
2055 2980
235 2393
2949 3012
653 2043
127 2348
842 978
365 2566
655 740
2768 2949
1543 1647
2221 2578
701 3070
187 2818
1040 1549
209 657
480 1228
2788 3181
861 1441
816 1788
614 2445
2167 3181
844 2996
2066 3008
52 2439
809 2204
195 2805
3053 3070
505 2526
212 2829
682 2417
771 2358
2060 2579
490 2442
1971 2444
2471 2913
1039 3093
184 1317
868 904
480 2738
708 2287
1284 2004
758 1193
692 2704
663 2397
2966 3134
1103 2754
1641 3243
357 2952
32 1915
1776 3186
56 885
25 2316
450 3209
2645 3175
823 2400
659 1513
876 2378
493 1591
825 3149
747 2743
217 1343
16 866
982 2534
187 2523
1072 1780
33 1364
1179 2968
173 2775
1387 2390
150 2411
894 2747
2794 2868
1387 2712
39 203
287 2983
1442 1992
688 2027
692 2555
702 1486
349 2198
1739 2519
8 1135
97 102
1074 2525
2183 2781
1331 2554
531 2549
306 2120
986 3005
2814 2930
337 1968
759 2171
1916 2692
2259 2950
70 2858
987 2573
807 2973
2217 2374
2623 3114
322 1429
188 3160
86 2730
2320 2654
979 3092
763 1927
2198 3020
692 2797
909 1597
881 1352
1982 2623
812 2173
1363 1821
58 501
642 1341
453 3029
728 1543
1579 1788
183 381
809 914
1838 2968
914 2754
371 1340
105 186
511 709
124 1336
310 2412
956 1388
735 3149
802 2985
2447 2491
852 1476
1663 1985
555 1773
1154 1155
663 1385
801 2844
2153 2527
669 1998
803 2672
964 2537
1615 2985
894 1203
2598 3131
1668 2201
180 206
892 923
140 714
1589 2799
2075 2992
652 898
650 1982
1133 2912
527 1943
184 487
2356 2818
1004 2311
2183 3115
2098 2295
1985 2723
2004 2736
254 1859
679 765
876 2444
709 1193
2796 2842
587 1737
2010 2761
662 1804
1787 3130
607 1020
379 805
566 1693
212 1863
840 2742
589 777
717 1334
270 858
1501 1941
1259 2167
2637 2952
1851 2538
2928 2945
938 2969
952 1851
1020 1828
219 3090
245 1335
801 3161
812 1992
302 855
223 1193
65 2304
1343 1856
1222 2510
647 2234
1451 2027
1469 1802
838 2508
455 1044
135 2454
2459 2897
198 987
126 446
941 2722
338 464
679 2999
899 1914
1057 2280
839 2645
2431 2917
308 1336
620 1434
974 1137
145 1522
711 1196
582 692
505 1928
1072 3091
1696 2941
438 2704
1758 2355
826 1892
300 965
1642 1654
919 2904
621 639
243 367
214 1679
1841 2412
1211 2501
889 899
726 2089
1825 1966
530 3094
283 2754
888 980
860 2638
2979 3141
376 1565
289 607
323 336
1776 1970
2358 2685
2494 3040
203 694
534 2747
718 2729
812 1727
650 3117
848 1553
1342 2992
2146 3025
246 694
984 1441
450 1220
628 2441
562 724
1336 2874
1556 2536
535 1270
364 1524
1468 2672
557 3260
2244 2976
1579 1745
1272 2556
188 2616
234 2045
1187 2195
155 1850
561 3004
1252 2782
1990 2685
1211 1477
801 1280
854 2501
1620 3132
1001 2882
239 599
953 1756
872 2085
2248 2880
434 1467
777 903
919 1037
352 2296
21 1987
308 854
351 581
153 1972
1390 1472
1777 2230
664 2294
879 2009
1099 2504
448 1694
1493 2751
498 2630
792 1474
683 1252
75 1986
2502 2852
243 1653
1831 2380
2090 2807
234 2183
781 2661
400 2781
1679 2697
347 1566
1696 2306
534 3142
1639 3071
1282 1584
2069 3008
1358 1750
348 1754
25 1030
1859 3112
1869 2853
496 1604
800 978
2233 3230
979 1805
1004 1340
1327 1547
714 873
366 2208
1269 1311
1584 2523
23 2145
927 2575
1475 2170
496 781
874 2993
123 2950
510 1596
2622 2967
692 1514
149 683
1390 2227
986 1140
389 3142
326 2924
1855 2301
2421 2649
1289 1974
796 2077
1487 2919
2460 3105
1155 2534
1855 2554
1085 1628
753 1273
2147 3076
852 2035
349 845
2039 2586
362 3142
1514 1589
654 1629
569 1069
1810 2656
1269 1287
833 3029
830 1102
750 1679
2370 2380
1357 1942
2030 2400
1121 2302
76 2523
36 1238
715 2974
713 944
2654 2896
2298 3102
185 1072
735 2985
291 2431
1157 2848
1656 1760
1470 2278
611 1518
1827 2946
390 939
43 274
249 2061
592 2157
924 1256
853 1465
1478 2567
956 2387
1787 2742
2598 3021
469 1305
142 848
425 756
1627 2499
490 2220
755 1907
1091 3040
1625 2373
984 1579
834 1280
689 787
2248 2524
502 824
2500 2555
1156 2094
919 2962
365 2906
1777 2506
1223 2851
210 3061
456 3112
5 2657
1202 2158
1387 3212
127 1630
509 2903
1959 2556
20 762
1591 2071
183 651
2209 2399
1979 2757
858 2044
889 1557
684 827
2639 2912
224 1790
769 2515
2666 2994
1013 1174
1634 2649
71 2207
708 2852
363 2134
2378 2926
1284 2359
69 2042
481 2791
2055 2380
392 2744
1076 1294
1893 3059
754 2460
566 2063
450 1858
828 2376
379 1020
784 1718
850 2861
66 789
688 3025
2160 2552
1563 2235
1914 2218
376 765
218 1615
713 1334
830 2976
869 1549
322 499
781 1126
1234 3116
1148 3140
857 1039
1004 2236
1892 2844
1517 2047
2549 2993
1607 3190
64 844
404 2774
130 2233
1568 2931
1086 2389
2400 2679
885 1450
1378 2030
526 2218
24 1266
1365 1672
718 2127
555 2769
338 2919
217 352
1140 1374
1286 2491
2783 3160
239 1855
401 561
25 448
371 1344
644 1031
2691 2741
988 1822
679 1968
1508 2630
1589 2976
174 763
55 2335
823 972
874 2659
24 709
142 2700
2491 2735
127 1565
2213 3151
1861 2832
728 1469
583 2421
46 1313
1574 2202
33 1177
2026 2574
816 2544
851 1362
247 2976
727 1309
667 826
60 2659
871 2809
2475 2754
180 1827
348 1838
479 2258
1983 2690
2062 2619
1987 3233
2803 2838
1859 2829
1134 2792
66 448
1754 3114
969 3055
58 2668
1913 2725
2132 2393
184 1518
2607 2861
206 1869
702 916
1696 1975
365 2355
975 2010
715 1103
911 1545
482 768
25 917
366 424
362 2436
1436 3230
1805 1982
1501 3087
1294 2054
1476 1851
300 3133
2304 2887
42 1163
609 2208
135 1160
1693 3231
719 2575
1978 2004
1906 2986
356 2655
2152 2345
1122 1173
1642 2662
335 1296
1030 2435
957 2133
638 1856
347 1150
206 1543
377 645
969 2530
903 1195
1582 2444
889 1594
716 744
1465 1477
1773 2574
54 340
1990 2994
1309 2791
12 2953
734 3232
1986 3018
1501 2822
1394 2549
754 785
503 880
502 3049
61 1653
2176 2799
1198 3209
1475 1967
556 606
239 2370
925 2641
44 2624
368 2802
752 933
2296 3260
1793 2245
2345 2422
171 2104
1126 1475
1069 2123
614 2198
1069 1885
354 1710
1014 2888
44 2055
186 2306
185 335
539 2047
425 2501
1216 2217
1371 2139
814 858
757 1567
821 2748
2 2082
231 3002
500 2562
1815 3100
188 2418
397 1378
352 1475
2550 2569
772 1355
1777 2892
610 2170
161 3013
1376 2529
1487 1932
443 2686
861 2773
454 1863
2911 2948
342 1461
204 782
554 2128
526 1142
182 697
2212 3197
1556 2864
493 1357
1455 2830
902 2954
3087 3112
673 942
484 3197
990 2474
555 2858
1150 3198
1356 1883
554 2684
1824 2058
1551 2307
14 43
652 682
127 1454
2374 3039
900 955
185 2525
2371 2385
2004 3171
828 2908
899 2362
399 1597
380 1317
1501 2061
201 1472
1117 1789
249 1218
1544 2534
942 3232
795 3250
2851 2858
130 2898
49 2741
99 916
1299 3009
461 2712
364 3114
472 2059
809 2781
27 2761
628 3140
1247 1776
2945 2952
1148 2974
143 504
1850 2760
2000 2450
858 2686
364 2027
1371 1618
2626 3102
132 2725
136 1803
2049 2628
1329 3029
580 1737
68 146
1225 1893
1737 2556
2093 2759
2107 3036
1179 2249
1668 3041
97 581
2656 3263
2301 2439
482 2412
2906 2927
1103 2009
1810 1973
680 956
1441 2919
558 1091
513 2827
380 3069
1020 2852
1291 2042
58 1813
2323 3063
741 754
745 2226
1542 1996
726 1511
765 1710
819 1626
1793 2201
625 2147
1892 2885
1570 3191
670 1594
724 772
1845 2431
1493 2736
1643 2994
1629 2361
661 1509
781 1193
904 1137
605 1306
194 2818
641 1653
2086 2957
2499 2805
11 2754
691 1450
2229 2310
2558 2630
962 2519
661 2432
1297 1632
32 1223
2170 2198
1270 2684
1157 1228
70 1647
763 2241
504 2353
619 2917
1148 2534
819 2095
1102 1457
604 2438
2223 3002
893 2034
1094 2075
1394 2575
730 1508
810 2156
1571 2855
819 1797
187 2881
1559 2501
365 2393
2092 2963
2801 3114
900 1893
798 2169
332 710
1882 1976
720 2041
804 2505
2127 3151
1156 1625
502 2578
1264 1634
2951 3189
861 3013
565 2960
401 1327
444 776
1724 1932
1771 2630
438 1258
481 2855
2228 2980
429 1075
660 1635
962 3208
2307 2897
600 658
62 878
498 2049
774 2926
1527 2852
399 623
734 3008
806 964
493 1772
1296 1476
1339 2829
1 1372
29 523
2370 2661
2498 2620
1437 2622
2367 2509
62 668
396 2098
645 1329
2034 2113
747 2242
2233 2349
915 2795
492 1397
1258 2530
616 1493
1358 1385
1156 2171
491 1122
1882 2672
2847 2872
2194 2558
1378 2369
1895 3186
186 526
657 2356
157 1670
957 2632
1006 2492
504 2244
1296 1740
291 335
123 2982
686 2237
361 1312
205 1546
290 1560
2874 2890
56 2625
799 1696
1226 1308
1525 3159
761 2985
210 1198
656 2544
869 2619
757 1541
510 2974
716 887
793 1374
631 2301
531 2526
2547 3084
1194 1214
1253 2040
759 2747
136 1882
1799 2529
663 3249
736 3116
978 1201
2155 2689
1306 3064
1874 2174
425 731
306 1345
769 2562
1087 2139
922 2244
155 3092
613 2891
1221 3132
474 1576
639 705
1778 1943
1536 1821
2696 3093
308 2564
860 1924
358 1891
806 2061
351 2788
296 2837
831 2055
207 257
2120 3072
13 376
818 949
1074 1599
987 1341
828 931
1587 2143
1199 2634
2956 3230
1766 2137
1756 2536
564 2586
310 773
633 783
2366 2961
2280 2729
257 1120
2 945
2684 3071
2353 2567
1517 2962
1450 2353
601 776
1181 1381
812 2253
973 2719
181 2294
548 3131
2565 3178
591 711
1779 2801
160 2429
130 814
75 1802
132 2661
2129 2950
2323 2507
879 1869
1125 2641
530 1059
145 2008
147 1569
2471 2897
644 1778
504 1043
701 844
642 739
1268 2257
605 2335
823 2692
693 1582
2059 2795
1658 2919
288 1056
2655 2956
201 2684
2027 2704
795 1294
1 1391
1365 3135
1778 2250
1633 2915
1655 1994
1190 2897
828 2659
389 888
760 3011
955 2387
862 975
1578 2586
2373 3260
617 974
2294 3021
335 2253
564 873
1063 2204
247 2692
1451 2858
558 941
1485 3173
724 3182
2339 2800
1031 1686
1804 2912
225 2460
633 2514
2224 2302
1289 2137
2278 2988
632 2654
1004 2485
363 1120
1365 2774
470 1791
844 2392
1549 2442
531 730
982 1567
1160 2192
973 2155
54 718
1612 2046
296 2770
482 499
1214 1760
246 712
1199 3037
2503 3112
152 3144
497 2162
700 1486
687 1740
784 1670
2853 2874
235 3072
561 679
2026 2690
160 946
2335 2475
911 1006
1487 2044
678 2008
771 1080
589 1328
686 3239
47 2825
1795 2045
14 2507
1615 1754
184 2375
20 2098
177 2000
908 1891
774 2368
790 1766
20 860
1572 1679
1807 2360
1957 2173
1129 3263
1218 1513
866 2582
1294 1563
1550 3175
1670 1850
307 3235
2753 2836
610 1481
419 727
1044 2074
628 1350
187 2059
852 2091
630 1249
150 1091
1582 2042
854 2794
1159 2237
666 3085
840 951
1907 2152
851 2385
139 389
2348 2963
666 1975
2148 2679
549 2538
974 1076
296 766
665 1454
127 209
205 2917
975 2624
932 2657
1351 1658
2 3263
656 1818
1975 2460
131 3248
797 1510
2 2399
2228 2762
1773 2145
730 742
1644 2216
1497 2578
1294 2862
105 932
646 3010
173 1391
707 1667
1464 3113
443 1289
1154 2924
534 2736
1792 2361
869 2526
612 3039
1200 2512
904 1458
126 1524
902 1186
1946 2278
364 2770
2800 2927
340 2898
708 844
2091 3194
803 2511
2296 2715
364 3239
387 552
552 658
1980 2957
1399 1615
179 1977
296 1778
2651 2679
328 1947
617 2881
710 2908
150 1801
969 2046
638 3213
209 2278
456 696
283 1377
235 2253
880 1299
825 2158
588 1281
1335 2697
2388 2941
441 1654
1272 3004
1968 2963
2723 3185
2070 3089
962 2959
1858 2091
1310 1319
985 988
2240 2841
153 2867
678 2412
1524 2418
1308 2850
101 2174
648 3181
760 1771
34 1451
1155 1807
135 1895
1523 2442
873 944
73 694
1191 3105
2218 2686
249 2528
558 1250
1147 2358
352 2542
634 1203
907 1269
231 708
2861 3158
677 2238
1133 1987
1963 2363
20 2777
2831 3013
531 806
313 1772
610 620
2356 2523
804 2708
1242 2600
979 1974
739 788
493 2659
2091 2249
845 1983
1179 1288
542 1990
758 2697
1343 1455
856 1696
1126 3221
55 1225
69 583
1927 2616
922 1344
621 746
2087 2904
720 2969
154 2697
1620 1821
1076 2777
968 1583
944 2071
931 2160
357 2964
132 3059
337 629
2157 2304
1117 1223
456 690
1238 1381
1694 1737
768 2305
972 2839
232 357
715 1984
1825 1911
2150 2917
697 2443
1596 3167
1468 2226
997 1493
1385 2182
917 2722
666 3029
2979 2983
458 547
43 3132
555 2278
1504 3143
737 800
589 1142
1860 3015
246 1008
800 2060
981 1086
921 1806
204 2492
548 951
891 1177
946 1543
784 1381
744 3101
546 1487
112 1543
274 862
828 2418
18 2137
964 3185
504 2087
766 1667
1102 1486
1801 2444
2060 3169
684 698
1284 2090
326 872
2946 3210
2387 2689
54 1986
771 2206
1219 3046
1917 2751
1670 2569
174 909
1196 2865
1824 1944
735 2666
687 980
1523 2639
3079 3094
688 1914
560 990
964 2354
2201 2210
642 3169
71 1800
1986 2431
1305 2928
350 1131
928 2843
757 2500
2689 2709
1941 3158
956 1826
485 1774
687 2505
800 1615
754 3230
219 2660
673 2090
2041 2045
1249 2049
2542 3036
538 1333
448 2969
1069 2155
2740 3039
1779 2062
779 2924
518 1883
136 698
655 1378
773 843
71 877
680 2899
