2100 2575
1680 2059
1086 2312
1787 2094
136 1121
134 693
1642 1734
1484 1692
1701 1764
106 154
145 631
278 1831
1051 2187
1237 2104
1826 1968
1419 1440
802 916
75 1373
150 689
1924 2158
2221 2259
1670 1812
1495 1693
1821 2340
2 1789
984 2318
825 2247
397 1602
1776 2252
211 620
1625 2392
1546 2693
321 929
1432 2060
236 1643
244 1985
520 2456
635 1917
124 1591
28 2544
114 825
328 2674
596 2391
2086 2658
709 1530
1652 1685
572 1591
712 746
416 1364
272 2077
583 2521
346 780
152 1855
56 984
617 1349
1627 2657
152 926
1166 2575
1380 2168
1773 2365
1981 2609
215 463
728 1515
805 1408
487 2403
497 2484
563 873
2193 2648
800 2070
1880 2002
869 1374
1382 2617
1199 2187
461 544
1317 1940
1698 2505
219 331
857 2589
1235 1665
1122 1293
318 372
376 1151
72 499
1 424
460 855
659 2431
858 1400
49 1264
1533 1729
299 1447
500 1374
752 1794
168 545
119 2673
1428 2125
1441 2211
892 1626
578 1111
314 1897
1034 1183
204 1034
691 1306
1489 2188
575 1668
414 2339
1421 2312
1225 1840
68 1453
851 2139
670 1792
665 2220
1777 2376
657 2663
576 709
502 1221
518 1191
867 2021
1836 2404
23 371
1968 2349
259 854
2179 2266
660 1411
1331 2671
823 2462
190 2578
57 1946
754 1723
1083 2600
1263 1274
800 2039
539 776
1478 2291
619 1580
16 2536
528 742
1733 1833
5 586
1266 1393
749 1447
1596 1740
1301 2656
764 1802
2037 2272
2166 2199
660 1452
663 2306
428 2663
1190 1536
750 838
1250 1502
827 1597
1183 2688
475 1264
867 1076
68 673
375 2489
398 1616
1334 1695
1263 1316
1361 2683
1129 1516
64 2592
2074 2521
969 1273
377 2353
1308 1560
2159 2418
2439 2597
421 2158
454 506
1529 2517
560 1520
589 992
1929 2026
1338 1497
990 1792
544 1199
2207 2531
575 1395
1144 1362
740 1443
641 1498
411 2468
763 1870
1788 2136
2454 2688
229 1263
2154 2285
1825 1924
2515 2586
298 1638
1305 2425
454 1975
1155 2486
897 1253
404 2235
1445 2448
1709 2303
760 1237
751 1237
53 2644
1590 2398
1060 1652
368 1647
163 2452
707 1681
1974 2691
1681 2682
1793 1820
200 1116
272 1666
1018 2586
371 2021
397 1177
1543 2215
391 738
802 818
659 1146
775 2441
1055 1291
2571 2587
361 1577
1954 2652
778 971
331 435
699 2347
1087 2704
319 692
2038 2218
214 638
1057 2292
1270 1384
689 2575
506 2161
716 1749
1972 2252
862 1953
875 1755
1158 1753
895 1488
260 2361
745 1793
1619 2247
228 2331
1668 2022
1933 2085
319 2336
560 2446
2096 2625
894 1314
1418 2170
919 2199
1171 1387
1479 2588
383 1773
818 2646
739 2400
509 1689
638 2400
750 1455
289 830
370 1775
1094 1619
612 2119
1144 1376
1150 1449
1401 1691
794 1776
234 2158
603 1944
847 2215
1064 1640
1201 1395
1421 1427
1499 2418
1565 1764
213 351
448 1384
1364 2184
1310 1312
1008 1531
1472 1586
579 1425
1307 2610
1301 1603
1219 1560
820 1127
1623 2129
557 1640
2244 2675
403 1054
350 1051
173 242
1061 2703
269 1708
2298 2318
980 1066
1914 2282
347 691
1052 1661
1197 1258
1663 2224
916 939
893 1848
1112 1563
67 945
439 1516
215 1621
1058 2515
1220 1625
1534 2130
1015 2156
623 2408
2314 2560
463 1374
1148 2214
261 1070
424 1090
2393 2475
1068 1842
1800 2358
1250 1932
376 2460
357 566
57 956
2299 2607
103 2283
1061 1867
810 1792
1472 1641
2157 2412
559 762
314 2580
2193 2398
752 1834
2024 2102
223 1589
137 232
67 621
212 2092
74 2125
100 2074
152 1839
845 1403
416 1987
495 2268
611 1561
1337 2022
864 1104
761 1299
1635 2484
910 1352
1032 1671
897 1516
1569 1595
252 371
1976 2300
640 2074
626 1058
1050 1769
2262 2268
2330 2656
24 1767
1387 2058
2337 2519
2488 2521
1316 1878
1547 2696
2552 2664
2302 2304
1801 2562
343 1793
1229 1608
110 248
718 2132
794 1529
1640 1801
1638 2494
1154 1391
97 1090
1963 2609
615 2705
1310 2410
1925 2369
1649 2408
413 2485
1111 1637
363 735
699 1195
1901 2144
749 2598
322 1704
889 1871
1361 1605
522 2032
1060 2153
57 1461
169 712
275 1934
1156 2277
436 1501
1820 1927
125 616
218 2588
1252 2093
1066 1831
113 2261
646 1363
336 2319
1600 2197
518 2430
989 1488
1159 1815
1050 1056
528 1531
694 2708
1838 2562
537 2152
1544 1592
811 2203
210 707
1471 2560
813 2261
120 900
354 742
449 1664
2216 2519
895 1826
1639 1722
889 898
226 2697
238 1640
1341 1647
1003 2086
607 2056
1815 2627
78 1744
449 1712
94 2626
1253 1714
1019 1238
1236 1986
111 384
48 827
71 2168
1433 2088
695 2230
1151 1675
2239 2380
263 1060
1044 2560
281 1439
454 1607
152 667
780 1742
1389 2308
837 2545
1641 2616
657 2427
1914 2011
264 524
393 1926
398 2262
449 1815
1538 2167
514 656
56 2036
846 2231
1254 2304
1345 1622
83 894
13 1000
1716 1839
78 360
1089 1926
788 1175
2183 2704
1224 2595
123 1089
359 1576
971 1650
153 2595
1589 2197
1071 1409
1391 1890
21 2338
388 1457
1735 2401
1124 1209
1233 1890
716 789
221 2566
1787 2367
2080 2273
667 1631
428 572
1932 2565
947 2354
475 2509
1853 2611
1154 1529
1326 1798
359 562
890 986
1947 2616
922 1404
627 2252
1821 2532
906 2283
115 2687
569 1885
109 603
1783 2377
592 1465
385 1671
1629 2280
36 1911
1139 2403
1348 2484
129 1986
39 557
1204 1301
725 982
32 1291
79 1000
659 1446
857 2440
823 1126
1535 1538
1711 1769
430 611
65 2178
235 2626
1188 2604
1704 2484
787 1482
90 1062
180 1456
1390 1823
1948 2501
31 928
491 613
143 1849
1154 1405
874 951
93 1687
1421 2345
1944 2353
714 2044
821 1789
1279 1472
724 1208
1004 1361
1429 2081
291 614
672 1444
461 2257
1214 2133
77 2608
588 1322
470 982
1537 2161
784 1221
178 1284
93 2549
516 1710
1619 2241
88 2293
882 2236
405 741
1697 2538
263 409
1037 1644
352 1371
478 818
694 1099
716 2082
831 1535
1032 2351
1511 1996
1178 1608
2322 2555
1189 2708
502 1252
548 880
1580 1851
1270 2629
975 2565
145 321
1517 1619
1605 1900
1125 2405
936 1386
148 2037
580 1041
23 607
1768 2594
1229 1236
1924 2462
1332 1795
651 2104
354 2267
327 1680
784 938
230 2126
766 1584
224 1372
413 809
276 2629
1242 2076
208 1201
459 1849
70 258
1629 2449
1293 1951
233 1963
661 2365
981 1164
813 2030
1182 2066
1913 2148
362 2080
2239 2245
2261 2363
47 102
314 869
1368 2680
499 521
460 2044
86 1208
619 2446
424 1343
413 2216
2047 2072
1083 2679
183 2304
541 1781
826 1356
1900 2478
1477 2371
1307 2002
700 1356
1081 1563
2278 2659
643 2370
170 267
1126 1220
847 1948
94 2572
2094 2282
2131 2134
560 2013
121 2026
988 2005
482 2061
715 1977
808 2445
944 2491
1644 2181
2340 2611
80 694
74 1652
1882 2298
615 876
330 1855
53 92
609 2307
641 2579
2011 2676
1090 1499
311 1825
508 782
982 1078
619 1303
1428 2432
116 2435
35 73
1731 2241
1785 2283
101 2458
65 1917
152 798
11 2343
272 907
1628 2390
1050 1221
542 1995
718 1876
485 2450
244 786
1835 2677
1094 1365
401 1376
1191 1952
802 1421
247 2259
847 849
1168 2503
248 580
1686 2634
959 2601
1692 2082
95 622
939 2446
119 2625
601 1621
1083 2548
1749 1779
662 1482
1499 1947
134 2536
984 2059
1560 1674
903 1578
312 571
1069 1886
370 469
538 1042
874 968
1890 2096
1068 1621
890 1414
1741 2474
397 400
877 2032
639 1926
941 2457
270 2125
657 1755
420 1479
1891 2295
402 1869
656 2312
382 388
1423 2424
356 1032
410 577
307 1011
934 978
547 1386
802 2244
555 2304
382 962
16 1550
760 813
1427 1572
737 2337
1750 2511
1081 1858
158 611
1195 2618
335 1549
500 753
1940 2637
1365 2294
456 1033
214 2256
942 1768
1748 2658
120 2688
480 729
232 1731
2180 2599
734 2116
2422 2576
971 2276
1541 2362
752 1456
1081 2287
1865 1947
1794 2092
1386 1460
495 2108
398 982
673 1332
1366 1759
45 2691
1137 1888
1143 2560
128 1322
651 2496
1319 1699
212 2015
276 1983
814 1011
1124 2519
1583 2046
281 771
297 684
671 2415
325 2256
11 1016
142 2267
1063 1425
1018 1917
784 1051
169 1571
452 1893
802 961
904 2227
1661 2115
71 1801
928 1533
724 859
1393 2128
11 713
1436 1996
944 1369
157 1097
1200 2146
2129 2220
1756 2344
135 1557
1596 1847
1710 2180
54 426
2275 2406
1928 2660
364 1252
477 1907
1458 1970
652 1550
130 1312
152 640
756 1807
147 2305
1207 1802
566 2026
513 2072
173 1440
44 1166
1238 2672
414 1324
875 1479
1346 2637
363 1086
1405 2662
1075 2587
149 314
1625 2083
455 2325
404 1591
491 807
589 2125
438 2406
1763 2432
1001 1460
1723 2473
318 1723
19 1954
1414 2588
31 1443
1515 2076
14 1945
627 2472
690 1711
4 840
889 1001
688 2296
1120 2469
2403 2681
263 2072
1180 1382
477 886
317 1695
1122 1602
813 1148
1409 1603
2179 2648
1363 1773
1917 2162
657 1716
1656 2013
144 2471
489 800
2333 2627
628 1339
931 1031
1842 2395
790 2556
1532 2251
1034 2329
1602 2572
2214 2578
100 1671
813 2326
1461 2287
1024 1645
1804 2415
2205 2251
624 636
644 1278
473 2073
21 2606
544 2253
161 1011
488 2141
1689 2225
379 1864
1215 2209
830 841
471 2501
1797 2123
485 1855
1331 2012
730 1894
2018 2631
1006 1936
788 2184
73 1315
2111 2305
348 730
644 1539
1160 2279
1478 2393
477 1024
811 2024
362 884
375 978
1212 1809
121 606
200 2582
979 2553
826 1013
1733 2375
1134 2502
1223 1700
135 1379
169 965
579 731
508 1588
861 864
1126 1481
969 2339
1238 2079
1774 2379
626 2193
2288 2590
810 2063
575 2292
313 2411
806 1398
257 2435
200 256
1284 2174
78 673
1576 2502
461 1432
580 1656
2382 2395
1241 2194
1368 1651
709 752
1807 2258
127 1586
2331 2421
1851 2678
379 1837
346 570
872 1777
514 2099
1016 2410
240 1046
655 961
1643 1936
26 2198
1599 2344
337 1482
1681 2587
1443 2286
65 1358
1904 2608
112 1231
900 1101
1764 1888
48 2392
1453 2317
895 2200
394 1103
160 1653
763 1072
600 1577
1283 2596
119 1050
515 705
714 908
153 2020
279 2241
1038 1675
199 812
100 2177
636 1269
276 1638
269 519
228 2321
161 1358
2475 2580
239 2050
1135 2136
627 2013
410 1595
773 2245
140 2192
129 2324
230 1705
2332 2414
420 455
282 2009
304 506
981 2416
75 2056
504 758
1108 1591
502 1831
245 2242
1409 1481
310 2410
1318 1731
1776 2601
667 1273
282 1012
1043 2249
1440 2472
453 929
104 1608
1147 1819
503 794
180 2011
1214 1589
224 1530
8 1954
167 1412
866 2238
2204 2630
451 880
395 536
2050 2262
38 942
1040 1601
682 904
854 1730
1562 1608
561 1535
1928 2694
1150 1657
90 1541
980 1010
26 2033
1506 2253
1116 2658
841 1042
812 2185
330 1283
296 1521
786 1418
1053 2595
785 2091
485 1624
38 2302
322 1171
205 447
458 836
704 1170
207 2096
1334 1762
1642 2706
1266 1339
2057 2397
901 2353
1485 1928
967 1409
2225 2284
124 1445
1066 1700
2021 2331
481 2676
1531 2177
528 1111
1007 1215
685 1794
1276 2642
1337 2316
371 1655
534 2683
278 597
1945 2612
1367 2185
1349 2171
242 936
583 746
712 765
955 1135
1409 2096
654 1855
541 2421
304 1084
1491 1912
904 1633
14 1056
531 2511
1315 2449
381 1337
22 769
1292 2166
169 384
639 2451
936 1792
1482 2644
1 1811
1813 1909
146 2637
1695 2221
2367 2607
243 1200
1856 1868
1216 1232
873 975
1181 1693
319 1215
782 1783
146 2340
243 539
756 1253
355 886
1482 1819
1495 1525
1021 2111
1689 1940
1742 2285
156 2559
2116 2682
1020 2376
13 1092
150 339
965 2162
604 1446
105 1804
1717 2472
857 1089
230 2262
255 856
1365 2022
222 2043
539 945
854 886
942 2455
1439 1443
623 2170
1824 2175
782 2353
40 1632
663 2605
405 1952
2223 2481
683 2260
1360 2516
123 2514
706 1858
56 1380
834 1810
826 1864
2024 2380
923 2451
301 2027
911 1456
1719 1877
1027 2476
2479 2704
46 895
843 2197
1017 1063
1700 2515
205 921
789 1631
773 2001
1513 2332
853 1909
668 1385
698 1568
1569 1729
388 502
2165 2678
754 1549
1729 2258
961 2452
883 991
376 1257
492 1288
480 1665
1451 1897
2493 2549
996 1980
248 1164
1298 2342
2269 2332
1074 1344
423 1638
199 2356
644 2096
323 687
1033 1986
637 1866
1490 1677
64 292
1081 1907
324 524
1688 1955
1071 1301
194 2445
323 2506
1959 2074
1156 2408
560 1945
1074 2141
1639 2084
1857 2119
777 1593
631 1272
2136 2332
537 856
418 2544
518 1603
2413 2522
1124 1759
949 2691
654 1910
1094 1958
1153 1954
1366 1619
327 2024
1972 2634
247 2270
459 2161
1708 2609
1471 1794
469 1591
1146 1314
2304 2620
1097 2081
868 870
795 2382
1284 1467
642 1264
1597 2128
356 540
1363 1678
2159 2578
1825 2112
680 2489
79 982
119 2089
1310 1347
88 1140
922 1638
1757 1912
874 2082
2270 2562
1558 2625
405 504
900 1713
2072 2606
521 1811
2343 2378
510 2229
360 2381
489 1811
783 1499
735 1758
1673 2254
51 1759
2428 2662
491 1115
1688 1890
2178 2471
218 1511
706 1376
1367 2032
800 1787
637 1547
104 2644
1446 1470
1127 2370
91 981
231 1151
909 1034
2386 2600
274 2086
1640 2455
464 1796
793 2165
328 1598
1636 2112
275 565
1089 1379
824 1099
1835 2014
1233 2249
121 2315
1458 2232
445 728
88 2209
769 2380
423 2270
1004 2148
1436 1951
626 2117
791 1120
595 1151
2041 2185
2048 2245
1476 1802
833 1142
115 997
848 1468
752 2025
608 745
402 2431
501 1901
576 1535
1338 2706
298 993
826 1076
1674 2407
1738 2358
284 827
551 1893
958 2369
596 716
1742 2694
874 1936
551 2473
760 1782
420 1920
676 2623
426 1342
2276 2324
951 2076
287 2266
714 1056
1565 2497
1418 1938
20 2268
414 527
564 1435
25 1525
322 1907
646 1487
172 2450
770 1759
1084 2048
758 1476
1073 2232
672 2276
160 2412
1321 1418
383 595
310 1653
603 762
2115 2278
1293 1572
1511 1762
1168 1341
134 881
2116 2291
556 2382
899 2414
70 1592
788 1514
318 2293
251 1032
205 793
440 935
777 1142
386 2011
1166 1684
2286 2339
119 906
822 1753
681 2424
102 662
168 611
1237 1250
1410 2681
2589 2613
1313 2328
430 2261
74 1235
268 1170
1113 1686
678 837
210 1158
271 645
1009 2130
1021 1390
1047 2447
1457 2211
1478 1954
1524 2497
1173 2061
746 2594
1176 1944
1903 2696
59 1099
179 1353
873 2558
146 2320
932 1833
552 2288
665 965
243 2103
22 1632
1337 1927
1545 2563
667 2517
583 2023
799 1129
1297 1955
1276 1780
511 1094
126 2400
645 2485
1394 2227
170 639
179 1084
650 1057
1614 2284
353 1538
209 1192
750 909
1462 2423
2062 2631
22 907
295 2372
133 1935
506 2244
447 2076
1094 2394
1372 2076
921 2270
2377 2464
1870 1976
1712 2218
661 1785
1733 1777
1532 2589
1451 1749
928 2185
296 455
373 1672
8 456
643 2027
2559 2708
1115 1219
755 1329
720 2095
565 1894
448 1096
671 1121
1713 1905
963 2657
1366 2558
417 1543
214 1975
781 2292
2222 2466
1168 1707
77 2537
1804 2063
1211 2111
893 1404
67 1669
862 2336
787 927
582 977
1391 2665
1773 2662
1210 2634
1073 1663
1088 1602
1256 1481
321 1063
1093 2408
333 2257
167 776
562 830
1465 2218
2019 2365
356 1615
1753 2171
620 1633
847 2192
2044 2643
198 765
1474 2238
1371 1498
698 1647
330 1257
364 2063
2092 2393
1016 1210
1852 2686
690 2654
846 1292
220 1570
1142 1530
1293 1810
2421 2442
706 1594
1110 1199
50 387
906 1796
771 1426
1126 1621
551 2018
942 2544
1739 2274
375 1270
1053 2478
406 2134
958 2477
334 2649
1057 2037
965 2658
1184 1269
253 2687
681 2162
694 2001
491 1155
1128 2340
339 496
554 758
1612 2608
1208 1910
272 2235
728 1521
187 378
682 1793
455 855
488 829
1411 1453
2178 2637
931 2691
350 806
339 1583
16 1895
2297 2654
292 315
459 1782
2251 2286
337 880
212 871
1830 2435
995 1576
1159 2664
1144 2225
47 2532
2481 2530
70 1605
2040 2162
2282 2546
845 2564
71 469
330 1522
1031 1844
1383 2516
130 880
10 43
266 1863
1639 1733
1869 2354
737 1303
619 1067
799 2380
792 933
1035 2525
400 1072
1819 2046
1403 1750
836 957
548 1534
312 730
899 1037
2338 2434
999 1385
1342 2045
556 1410
237 1155
1398 2379
1785 2412
280 2027
624 968
1112 2188
450 1908
158 1254
521 1248
369 2409
215 522
1601 2506
1583 1775
777 2525
657 2485
2234 2569
1117 1517
1399 1692
287 1544
813 1029
1265 1712
733 1482
2133 2616
1585 1836
96 2026
1449 2286
2162 2354
223 1369
1852 2438
482 2703
1017 1080
421 2560
790 948
834 1515
249 1158
1376 1704
1085 1208
990 2686
949 1893
81 1538
207 1627
86 1254
1739 2362
235 774
1465 1634
100 1377
903 2592
935 2095
1664 1946
414 524
827 1426
1042 1074
42 2243
1970 2027
302 894
814 2214
70 1237
872 2532
1027 1096
1143 1336
137 2514
906 2432
555 773
1273 1632
263 322
1861 2527
556 1201
693 1661
1548 1879
1569 2605
291 2181
405 1553
493 526
1477 2586
1393 2457
1779 2432
691 2293
745 826
276 2339
1380 2362
152 1426
626 2297
96 2262
1187 1722
204 1427
1758 2260
843 2403
624 1470
1013 1600
149 1331
201 2707
864 2612
113 1023
1212 1877
199 933
1557 1623
860 1248
1295 2211
226 1259
291 1341
1028 2256
641 1044
663 1418
615 1750
1697 1759
215 964
1489 1523
912 2501
1065 1377
326 1732
1072 1772
642 2703
34 1405
663 1113
345 1967
1471 2266
425 982
1100 1812
1149 1612
596 696
2399 2649
688 1764
298 2674
699 1570
999 1341
142 1257
820 1335
1095 1942
122 527
2303 2411
487 2176
607 938
1076 2503
377 856
852 1597
761 1005
1067 2092
1391 2253
1177 2153
564 989
2557 2625
678 1986
201 1907
1466 1835
387 1688
533 1266
1099 2142
84 2078
899 2413
1201 2306
813 1707
209 1892
571 1851
184 2418
424 2384
95 864
209 2445
1391 2569
13 193
1548 1720
245 394
393 1622
277 1306
1748 2160
1060 2096
415 1679
84 1744
119 1155
574 586
9 275
1749 2052
1191 2034
1669 2062
431 860
67 2303
647 1354
272 2457
579 1525
1164 1590
666 791
1796 1920
622 1858
1282 1758
1102 2082
23 608
676 1958
744 1538
857 2489
508 1640
1373 1451
634 2159
572 782
432 1824
1384 1807
610 2651
3 1724
672 1704
1036 1257
1673 1819
933 2045
764 2251
439 2552
1624 1839
531 1025
489 2383
172 938
1234 2207
285 662
930 1500
84 1426
169 2250
617 908
1911 2338
335 2476
1299 1846
103 702
1656 2631
252 2472
1207 2279
1023 1162
557 1867
1514 2337
1179 1611
1148 1932
822 1511
1224 2480
1829 2049
409 1730
58 794
245 1071
445 1301
381 1153
18 76
615 1057
344 957
274 2540
807 2182
1045 1764
1948 2156
1838 1914
2055 2676
765 1082
70 1842
557 2690
1789 2675
1070 2273
496 932
235 260
807 1380
1098 2694
2019 2021
1336 2092
1571 2567
510 2674
1054 2568
932 1153
609 2663
1590 2644
1527 1986
617 1199
1496 1529
1061 2493
425 972
435 2062
372 2486
890 1843
686 2249
991 2682
2091 2344
788 1038
2288 2469
2087 2193
1449 2119
1110 1666
1330 2517
969 2168
1259 2185
1143 2576
2210 2536
370 655
1076 1489
1231 1793
521 2074
362 807
1418 2333
332 1057
1149 2049
110 1491
597 1667
442 949
1233 2062
1129 1674
1138 1260
1578 2489
1709 1882
1434 2225
123 868
361 2431
309 334
72 2463
1676 2119
536 2062
377 2218
966 2423
1642 2000
1000 2538
1837 2589
256 1135
267 1427
71 717
2255 2660
820 871
1011 1968
690 846
942 1112
1173 1314
1177 1318
5 2652
1059 1817
478 1298
1571 2340
2541 2560
1086 2145
910 2452
1370 1832
1633 2048
38 948
153 242
809 2491
216 1824
1013 1870
1450 1920
927 2115
652 2605
230 2693
70 1909
1467 2584
1907 2401
408 1386
843 2234
1193 1600
286 2083
244 561
664 910
1213 2108
219 1095
1860 2593
756 1571
140 1618
1553 2062
1377 2450
766 1269
554 1644
557 2479
917 2341
955 2449
502 1328
163 1905
295 1433
990 1744
443 2686
901 2675
1764 1938
1913 2545
456 581
101 2665
927 1955
1690 2061
416 755
359 1865
1137 1719
1550 2280
38 1937
52 1720
1341 2333
2074 2566
700 1126
539 930
867 1448
701 1271
2460 2634
597 871
1879 2474
2142 2401
1260 2580
2201 2439
1125 2095
948 2558
358 905
1868 2284
776 2272
772 897
1676 1942
1887 2076
363 2317
396 1569
1126 2341
373 755
2334 2400
1685 2095
873 1964
38 2096
951 1352
209 1713
491 832
1464 2679
1087 1688
68 162
1082 2474
364 1696
1410 2700
1068 1878
1699 2425
988 2240
414 1559
352 1463
50 1185
789 2245
100 624
1673 2216
1750 2430
146 2484
1377 1817
411 1333
753 1872
971 2581
1735 2675
182 2397
888 2227
843 2250
441 905
1278 1964
353 2433
1473 2115
1231 2032
515 1530
2317 2434
198 1620
626 1622
719 2081
2321 2360
800 1988
388 2706
441 616
2324 2466
812 2025
955 2496
343 2262
696 1172
1079 1761
1065 2017
1992 2419
112 2280
930 1402
852 1907
1333 1364
390 844
1259 1561
652 2292
1988 2177
1942 2335
996 1910
1764 2616
737 1515
65 2526
51 1235
766 1791
478 1838
1020 1515
1056 2659
194 1896
2093 2136
604 823
2313 2316
1279 2431
560 2329
322 947
1667 1703
148 419
53 688
1827 2153
855 2047
491 1013
571 1207
826 1369
1587 2478
511 2576
837 1407
1677 2185
1198 2266
1537 2530
1131 1666
977 2542
1221 2031
2090 2521
1230 1922
118 1789
1713 2545
1 2038
4 2656
1768 2244
1723 2141
332 574
934 2672
471 802
1616 2697
956 2201
1344 1414
1435 2683
416 2102
891 1322
267 1840
182 1965
1065 1164
350 2082
1408 1763
2027 2325
1373 2047
112 1942
20 830
347 1541
2073 2105
81 2285
1723 2707
438 937
1705 1826
122 1374
643 2297
278 489
609 2656
48 2430
551 1577
1629 2700
33 1196
56 774
1834 2119
2177 2203
1193 2314
873 944
1129 2126
114 789
2180 2222
613 2146
643 1489
1121 2329
24 2453
658 1429
163 2667
426 728
2076 2198
582 1299
11 926
1890 2244
2231 2330
65 654
914 1117
1020 2157
56 1889
1101 2358
74 952
1571 2433
1273 1781
644 956
472 695
1247 2545
388 498
1100 2308
1117 2476
2178 2373
1394 2537
1330 2496
287 2030
1198 2063
1308 2584
492 1800
1088 1753
1062 2145
606 1515
2631 2659
2022 2051
1071 1344
910 2218
140 559
724 1100
439 2499
568 598
88 661
1690 2617
578 635
1386 2184
553 1065
828 2232
977 1037
255 1633
559 2344
207 386
1864 1879
1842 2084
1282 1345
801 2674
1920 1936
911 2704
1404 2158
1125 1222
1096 1829
1116 1559
883 2696
1299 1689
880 1913
1181 1382
2418 2502
117 2206
594 2103
1021 1800
281 1212
400 2281
625 1717
206 1807
1052 1431
1009 2647
554 1377
662 732
946 2707
2226 2253
410 2208
1091 1953
145 902
1615 1807
1220 1842
1746 2287
980 1284
258 1569
95 655
51 118
705 1645
348 857
942 1593
538 868
63 1598
1390 1885
27 1026
137 362
1002 1223
2085 2682
2315 2668
245 458
412 2282
2229 2345
545 2153
869 2041
192 2493
518 965
392 1966
888 1174
368 2126
89 1236
430 1475
989 2319
1788 2321
694 1110
2184 2299
1434 2577
175 309
845 1535
1089 2253
1958 2485
735 1816
377 1538
574 837
1645 2463
1554 2392
1058 2230
918 1743
2284 2663
966 2562
455 607
1349 1593
1127 2554
15 730
690 2145
204 2158
1840 2242
855 1481
223 2333
937 1872
2209 2478
870 2601
584 2381
1356 2676
2447 2675
188 1248
563 1738
1846 2428
905 1389
176 2152
389 2456
793 1657
167 2068
1142 1701
791 2707
1450 2356
204 2214
734 2607
553 2215
1334 2001
314 1289
855 2040
457 1601
721 1415
1717 2020
47 528
296 595
1530 2554
377 2267
1191 1287
1463 2568
573 1740
755 1501
1183 2067
1217 1767
943 1598
389 1247
1067 1177
1631 1881
1428 1664
1776 2583
976 1285
1094 1558
906 2090
1130 2683
263 1340
408 2659
975 1567
967 1797
678 2267
1148 2197
328 555
1932 2044
102 143
533 2374
2214 2331
634 2452
208 2536
1487 2510
642 2480
2343 2405
1276 1808
859 2606
1170 2048
348 2081
164 306
662 1249
423 1158
1940 1972
1015 1324
955 2413
2406 2673
247 1308
773 1976
1116 1579
247 1105
990 2432
608 2068
624 2128
169 1227
191 2341
49 528
986 1670
1699 2025
6 2417
632 972
2333 2527
93 1162
173 2364
2240 2352
1323 2331
508 1907
263 356
339 2184
1265 2684
149 1595
1263 1429
2220 2562
952 1586
6 1475
588 1283
644 1702
27 1816
793 912
1433 2381
945 2608
709 2259
908 1612
601 2369
932 1047
1043 1048
23 2493
405 798
1381 1548
592 2241
1784 2084
383 927
1196 2269
709 1382
582 1153
165 2386
488 2392
1501 1853
114 1584
104 925
630 1345
630 1463
558 957
2340 2652
1260 1810
640 1520
495 2181
573 1498
626 1890
953 1127
531 1858
969 1361
598 2562
1008 2481
553 2483
871 2271
48 627
1172 1917
574 999
1476 2046
509 2654
1886 2156
331 2432
181 1568
1307 2140
476 2578
867 2600
588 1789
1636 2280
1061 1550
291 1590
1202 2346
43 2247
624 2665
1255 1555
226 1704
500 751
1067 2417
856 1197
1119 2199
776 1317
884 1625
1252 1562
1636 1986
1490 1603
220 760
539 2228
233 2185
819 2134
1761 2363
209 1987
1855 1918
64 2400
11 347
972 1012
1553 2134
75 1487
1153 2657
1379 2014
1597 2708
262 1710
1441 2218
1776 2049
616 764
642 862
935 1405
552 1135
1137 1761
1664 2114
208 1515
1051 2544
37 669
80 1035
1181 1229
190 645
1881 2570
472 560
377 1951
453 1735
1412 1572
358 1101
527 1261
1397 1485
1067 2161
1102 1615
1172 1608
80 2043
144 310
613 1963
823 2166
1358 1737
204 2409
1696 2522
1624 1977
1925 2254
598 1716
107 741
182 1036
825 1148
833 951
922 1205
952 1843
709 957
748 1176
1547 2050
259 2036
583 964
354 1768
1352 1600
885 2595
1262 2268
630 2061
2233 2373
276 764
47 2291
192 2423
705 2443
556 711
1095 1993
681 1265
631 910
1718 2439
2203 2298
2286 2434
858 1255
1154 1794
1362 2703
310 2505
922 2671
1147 1483
1643 1904
106 1230
504 1801
1112 2196
1342 1870
497 1794
1439 1457
68 639
1711 2302
1540 2111
56 941
2045 2488
2316 2557
2156 2474
407 1310
823 1259
180 1103
1769 1910
1154 1587
2124 2516
1366 2577
636 1210
1838 1870
153 199
1365 2515
1140 1795
959 1813
1207 1828
1580 1698
6 2279
355 1625
711 740
1034 1843
451 1095
165 1915
582 2303
1802 2571
822 908
226 2592
75 1111
968 1942
232 1573
526 2003
155 2531
1697 2342
1673 2376
1040 1878
2090 2400
601 2119
1185 2102
79 1269
1525 1592
1184 1199
1248 1253
813 1328
124 1025
635 1900
568 2085
53 1033
398 2452
492 2540
570 1553
41 2070
1995 2391
190 2210
448 1946
208 2008
531 637
1283 1466
1947 2014
52 1670
1333 2140
1590 1918
920 1390
1522 1572
327 1380
310 1203
678 2597
669 2088
818 2557
836 1132
135 2537
394 721
799 2226
1905 2477
469 2576
746 1454
1347 2439
830 1199
1144 2217
1520 2215
806 898
869 1911
1048 1627
1669 2335
984 1371
1820 2130
980 1900
1005 1547
1162 2565
1558 2216
1170 1705
1003 1758
897 1018
1348 1897
627 1650
781 2414
11 1081
269 2597
485 1250
2217 2648
91 1435
430 1204
1085 2427
862 1612
873 1787
426 1743
192 2606
729 960
577 813
1826 2384
1204 1857
751 1107
1017 2327
119 483
478 968
1640 2173
931 2003
160 1359
459 2355
1607 2297
852 2342
1454 1688
1454 1482
396 572
305 2323
436 1280
904 1728
532 2069
1661 2600
636 1493
1177 2192
269 2283
864 1966
2321 2630
865 2112
464 2029
639 2444
1178 2655
669 2089
632 647
280 1143
1293 1574
124 2369
157 1324
1865 2500
563 1009
690 1914
2542 2689
66 1251
2370 2552
998 2610
279 328
921 2680
449 855
1442 1638
1776 2305
1132 1521
2 1503
685 1593
414 1217
422 2340
148 2052
526 845
6 1971
286 610
301 2540
345 1232
328 829
218 2654
2017 2390
634 1233
788 949
989 1563
1593 2414
41 2219
189 1972
1853 2361
123 2344
104 1444
1478 2073
46 2116
400 676
486 2184
582 820
1582 1841
277 2091
1207 2047
475 1855
72 1254
862 1093
47 1344
435 488
804 1456
536 832
573 1213
525 1835
980 1525
579 1082
417 1319
107 532
719 1116
1098 1830
565 2207
2056 2428
1670 2469
1568 2204
98 1420
376 1567
2259 2634
1444 2009
77 1648
142 1691
398 835
925 2679
1041 1725
669 2183
1430 2236
134 734
262 1802
2421 2474
29 381
453 1985
1436 2631
1909 2608
953 1101
682 2553
596 1530
36 640
698 739
606 2207
626 2604
309 787
249 1829
676 2431
1797 2434
1994 2244
1839 1884
338 763
1275 2342
705 829
1127 1865
1628 2296
1955 2133
729 2615
1185 1426
2085 2324
260 2451
1479 2085
249 1549
1047 1486
636 1032
1115 1741
1170 2268
1227 1316
1267 2576
934 1142
908 1313
713 767
908 2693
73 1210
1119 1783
534 2314
814 1044
17 825
1593 2544
1537 1808
346 453
427 2615
1189 1245
230 983
784 1792
181 1022
852 1952
435 451
347 1468
725 2303
2338 2345
1614 2244
798 1773
1412 1870
501 2291
446 775
1555 2686
1058 1978
35 2163
728 961
2131 2267
1731 2483
828 1415
1314 1315
977 1249
354 2571
464 1963
1230 1650
41 2319
119 539
742 1281
1981 2579
1415 2151
298 732
1113 1621
1223 1289
200 470
1077 1893
558 1640
1159 1995
1337 1345
929 1233
561 2679
1233 1447
247 2351
133 1039
796 2609
944 2516
1272 2132
640 2167
1467 1814
1898 2588
2209 2261
1726 1858
33 538
393 1383
612 1736
1816 2124
1048 1644
1632 2371
252 765
755 1620
1382 1983
1486 1597
2540 2674
1538 2058
1221 2300
1569 1621
1414 2238
498 2140
1005 2254
394 641
5 1592
511 2278
1555 1873
1006 1717
2311 2662
1835 1903
971 2400
790 2378
1626 2236
383 1490
394 2547
1758 2508
174 1052
727 894
1701 2012
833 1126
1474 1946
1723 2531
922 1570
1192 1426
585 1472
2363 2530
762 832
762 1965
1362 2595
737 1512
261 362
1045 2365
963 2294
1363 1400
442 2050
2547 2560
2623 2647
277 1570
510 2438
2326 2512
1100 2514
1274 1937
1603 2173
1211 1521
1254 1342
276 579
1290 2156
1479 1540
548 2055
470 1849
2439 2546
310 426
764 2114
45 245
1668 2128
1659 1867
1299 2267
146 588
1181 2545
1237 2067
1895 2192
390 548
544 2687
508 1366
317 1742
1494 2281
979 1332
646 1162
999 1479
1743 1853
733 2139
37 2176
1111 1879
224 1841
108 412
1091 1791
573 1387
2142 2267
21 1925
1315 1692
141 1901
1587 1936
459 676
1356 1827
660 2084
443 552
487 1360
1378 1611
238 652
135 761
1718 2051
1110 1574
313 1732
229 1776
3 932
1356 2607
2076 2408
1995 2563
833 1107
876 2408
158 207
465 969
1251 2241
1180 1487
830 1467
280 2515
991 2233
1275 1532
962 2337
404 1641
1522 2295
468 976
1203 1910
1430 2453
922 2222
880 2196
234 755
1084 2061
67 793
1601 1663
270 494
2548 2559
534 902
2360 2592
605 1246
1155 1534
75 1333
111 705
676 1250
461 2080
686 1899
25 1743
544 2403
1400 2247
1039 1492
2295 2303
627 848
655 923
870 2327
1908 2339
1597 1732
1359 1758
1334 1955
600 1004
1599 1837
2310 2652
1013 2147
201 869
636 2695
286 1272
2406 2630
178 1689
1312 2030
905 1022
636 2019
1175 1707
1881 1938
1898 2204
351 1409
1397 2400
930 2223
1418 2111
1557 1746
1814 2564
805 2002
554 1829
1228 1783
1 2639
2165 2449
1245 1556
1107 1146
1718 2313
1725 2646
2252 2344
1282 1449
48 1281
767 2536
56 230
1668 2579
1905 2548
419 1511
715 1050
1910 2045
952 2288
407 2048
624 2249
658 2553
9 2219
962 2053
1306 2696
646 1672
191 2058
124 1574
1178 1205
1579 2219
718 942
528 2375
1029 1244
1313 2032
951 1184
902 1551
1838 2117
1141 1823
558 1987
1643 1836
723 1800
652 1384
492 647
1139 1670
376 1116
765 2207
1017 1375
247 2620
228 1861
905 1159
224 2675
358 1925
678 1889
89 932
1436 1728
1080 1496
1089 1948
723 1583
637 2011
524 2017
912 1156
244 895
73 1474
200 2635
1795 2560
151 1461
892 1783
1106 2298
226 1064
60 951
199 2243
4 980
1338 2089
796 1531
356 1250
1665 1869
978 1572
28 937
1082 1234
113 919
636 1569
1389 1899
1006 1610
592 2090
1312 2218
261 334
539 1428
1513 2108
414 984
70 1423
258 2059
1399 2517
762 2328
1172 1838
1117 2608
491 1078
176 2014
946 1612
623 2619
1783 2159
54 1000
713 2397
1714 2531
941 2088
1725 2700
31 2593
1443 2356
330 2705
1583 2635
78 733
1080 2460
109 247
2659 2663
471 1728
955 1565
1276 2378
1831 1855
316 2158
306 2144
144 2282
909 1987
789 2080
568 1512
330 1748
169 2447
1342 2037
317 1270
1407 1409
281 2423
500 2547
181 1198
298 972
1469 2515
792 1267
1796 2451
829 1163
220 2262
1278 1394
1222 1720
445 470
711 1378
1446 1707
626 2582
771 2468
493 2598
2202 2384
2202 2413
628 832
516 1974
931 1653
239 817
516 2490
29 112
699 949
1781 2348
392 1467
537 837
1373 1938
1235 2526
2039 2537
1501 2251
802 815
1443 2429
275 1242
219 2565
551 2618
51 1276
1934 2238
562 596
1512 1994
1398 1580
141 432
507 1842
386 847
938 1419
861 1985
486 871
684 1825
1483 2061
1520 1919
995 1596
782 1417
1898 1910
528 2292
386 880
765 2139
1124 1857
1237 1525
781 2618
1670 2331
1172 2678
1506 2004
504 1935
1182 1210
619 883
1171 2664
1131 2102
1337 1981
986 1425
113 2307
1281 1621
2203 2579
445 2252
963 1376
722 1271
1332 2696
143 2003
687 1185
991 2363
423 1784
962 1728
1142 1814
584 1478
1219 1833
643 649
684 1286
705 711
489 798
737 2412
124 2481
220 244
583 2355
1146 1521
632 1467
1572 2360
1908 2053
1835 2469
1153 2299
499 2013
1857 1994
188 2308
988 1684
453 1332
158 688
1409 2540
371 950
282 2552
1232 2435
1768 2079
1561 1591
293 988
2198 2276
255 396
126 933
906 2297
75 610
1213 1219
752 2230
904 2139
549 1270
701 2030
1352 1658
1519 1550
113 2011
699 2296
317 2679
253 2329
495 518
413 684
683 2354
2407 2521
173 824
237 2221
1286 2447
20 897
2500 2659
516 744
1287 2253
239 2407
12 111
1622 2491
929 2234
830 1983
154 1967
1379 1800
870 1424
375 518
2335 2563
1738 2610
776 2391
857 2095
819 1156
108 753
358 1804
413 1969
1276 2152
988 2024
499 898
724 1558
346 1476
1726 1958
142 167
416 1641
1079 2360
799 2652
1036 1347
1851 2343
597 2103
1890 2130
1211 1381
370 924
327 1591
2035 2547
419 1352
913 1213
1331 2293
783 1640
2058 2450
860 2467
446 2531
522 1695
1033 1348
1442 1481
1880 2696
167 811
1159 1817
218 1910
223 759
1177 1522
2087 2497
130 265
1011 1015
322 1482
465 525
2136 2664
862 2582
1848 1922
127 2587
865 2462
759 1667
1097 2449
701 1562
1331 2302
1139 2346
639 2369
476 2322
16 1773
1332 1393
2 1616
542 1869
256 816
199 311
56 1418
1710 2022
1580 2039
378 2019
610 701
1802 1994
4 1413
225 639
1028 1551
827 862
36 233
289 1151
206 2444
720 1494
474 2162
1786 2647
795 1173
2198 2374
485 918
306 961
982 2292
1286 1986
832 1406
1896 1901
470 1624
899 1953
946 2406
147 1118
2147 2400
479 1135
892 1092
379 1181
2555 2556
944 2311
722 2635
2569 2582
1409 2166
1239 2063
438 2537
1003 2582
261 1583
1263 2479
1004 1843
1173 1833
1234 2618
1397 1772
1732 2556
1319 2706
717 1506
664 1171
1614 1644
1267 1419
1576 1615
1446 2700
1439 1828
671 1544
504 2267
1184 2365
719 1025
1981 2218
1051 1897
963 1594
660 1165
157 1992
1082 1754
2507 2531
1260 1767
1726 2558
667 1650
515 1050
1464 2639
1415 2178
393 633
960 1474
578 2623
1598 2544
1352 1391
130 516
170 2192
824 2293
238 1399
135 892
1578 2634
522 2004
1318 1573
343 1468
1567 1927
2027 2566
176 2127
1170 2557
436 1305
378 1974
1578 2636
1699 2091
1248 2245
689 2531
1238 1269
1673 2324
699 792
67 323
2541 2696
1522 2374
620 1780
1231 2205
1970 2682
397 1063
984 1979
615 749
664 1235
39 1717
348 2184
778 2376
1929 2062
1171 2228
1717 2311
1181 1357
538 1626
1462 1503
169 1214
1015 1673
117 1374
933 2210
1352 1742
17 2331
92 1229
914 928
1647 2517
1319 1900
348 1263
2027 2672
224 598
2091 2389
398 2320
525 2129
2568 2623
1208 2476
330 1175
601 1654
56 1334
714 1627
18 1400
921 2288
326 2654
901 1119
1478 2569
669 2280
223 394
302 774
1069 1253
334 482
395 1114
359 511
734 2046
689 1685
1947 2391
2426 2581
616 1540
223 2266
1063 2649
128 1958
1405 2302
977 2157
867 1550
1042 2270
1583 1587
864 2693
11 1566
541 678
902 2258
