1711 2114
222 2153
1698 2522
42 1804
731 1823
1675 1988
317 1371
487 2625
2434 2473
105 623
2004 2408
1162 2449
764 2696
1225 2695
1174 1823
1496 1932
820 1823
930 1253
100 1815
1155 1825
120 212
541 1389
474 534
136 441
2182 2246
1027 2408
1377 2459
1618 2420
891 2280
1116 2145
676 1242
2311 2629
3 902
17 1801
1813 2026
99 1220
216 778
1231 1276
1544 1991
357 2406
1759 1857
1017 2344
47 1434
895 1699
1002 1541
963 2288
504 916
607 2490
2178 2507
1426 1917
849 1855
1670 1903
1663 1837
381 1873
828 1852
1453 1691
900 2680
474 2560
1731 2298
75 509
400 1821
991 1307
1108 1509
780 1781
732 800
1233 1393
402 1290
233 1563
21 1744
1434 2610
1477 2467
1310 2029
983 1711
716 1175
720 2125
1072 1516
1657 2340
596 2210
414 1274
1764 2583
1602 2474
2145 2351
1566 2532
796 2443
998 1742
1690 1737
993 1217
1497 2271
802 2320
1215 2285
953 2677
638 1812
1343 2226
990 1987
1851 2600
791 2588
658 2024
656 1668
759 2508
1755 2048
372 872
928 1070
937 2040
898 1912
225 1746
813 1744
444 2435
1624 2000
127 1287
480 2212
251 2487
386 573
456 2115
1178 1423
350 1759
11 228
1198 2542
1367 1887
414 1037
798 2464
1373 1882
1280 2333
1659 1680
119 2286
715 1953
808 1344
498 1031
678 728
955 1279
1181 2053
1417 1869
451 1052
950 2176
1162 1458
1548 1941
40 1644
600 1402
1405 2690
1144 1580
132 1792
958 1785
327 1564
542 2040
1521 1703
1099 2057
309 828
58 1659
353 580
151 809
330 2215
984 2054
354 401
838 1719
145 2299
246 616
83 1024
1427 2142
43 2619
809 968
1748 1963
307 543
1022 2286
1675 1677
260 1430
2134 2145
119 2181
672 2119
1470 2321
253 1006
96 322
1312 2305
305 789
190 1128
8 418
527 2271
563 2045
194 2681
538 943
1245 1494
18 484
1252 2079
274 1556
1460 2422
452 2325
182 2430
930 1408
610 2668
1313 2266
1257 2039
375 481
129 2009
305 480
85 461
1051 2236
506 583
1105 1575
1472 1822
2331 2676
1045 1096
782 2318
1641 2540
179 2284
1317 1402
1247 2067
794 1481
489 2527
1080 2093
132 2230
624 2321
263 1735
192 1179
1417 2217
1367 1633
340 2308
829 2082
37 1139
1078 2257
951 2046
364 1171
472 1141
843 894
811 1814
101 1430
1477 2576
790 1179
918 2390
1037 2476
134 2125
213 2678
953 2285
61 2086
772 2286
712 1835
1069 1740
1217 1947
1206 2029
689 1877
900 2617
506 1245
651 1664
614 2356
61 2080
1383 1773
461 874
597 1862
1012 1739
1009 1142
1290 1582
726 1960
1001 1679
142 756
52 501
909 1043
975 1375
331 2554
343 1860
1041 1308
24 1840
221 2236
963 1442
184 1782
1674 2165
282 553
1317 2571
747 944
2054 2178
1807 1836
1414 1638
261 2493
512 2129
45 654
148 2649
1741 2450
54 492
1081 2384
142 2285
2139 2586
662 1435
1295 2202
1540 1777
249 949
868 1473
6 1026
225 1033
1822 2176
287 779
328 2479
1720 2114
335 351
1918 1951
538 1723
148 2002
518 1225
74 2489
786 1012
2020 2087
1781 2016
128 2505
626 1947
967 2045
995 2629
1267 1519
1047 2421
16 1585
1817 2395
18 1006
959 1565
631 1204
860 1631
2016 2353
73 1535
296 734
840 2550
1148 1219
930 2203
588 711
1823 2376
193 282
267 1386
559 2526
773 2026
198 213
2661 2696
1304 2457
1130 1262
2328 2652
664 1141
99 1602
1509 2536
501 712
1024 1572
863 2075
163 1890
12 2070
926 2383
1299 2675
336 2346
154 2523
987 2614
1584 2404
527 2484
832 836
1271 2254
261 2577
1097 2404
252 1534
147 1577
1535 1607
1774 2605
729 1408
528 611
2020 2093
875 1204
386 1901
53 373
881 981
234 1380
1293 1658
128 2676
1728 2077
213 1105
509 1546
2126 2318
571 2327
707 760
1708 2505
963 2049
97 914
669 1773
870 1368
1338 2426
57 715
377 1456
1678 2078
559 1476
486 2394
1631 2080
2347 2403
66 2459
447 988
266 331
549 2081
738 2611
953 1451
1015 2637
219 1829
252 1294
1651 2229
585 1807
1060 1696
1010 2456
163 1104
57 2677
634 1768
1620 2166
1369 1673
808 1347
862 2456
111 1669
790 811
646 993
962 1923
379 837
354 938
835 1665
88 829
1460 2038
1138 1888
927 939
2208 2239
1067 1575
1170 1439
1019 1238
277 1972
581 2139
2138 2584
1313 2285
463 2355
1356 1810
628 1733
291 1737
1804 2215
44 2051
1185 1453
903 2217
1954 1977
1330 1986
1922 2315
603 878
801 1785
948 1776
495 2169
1615 2158
681 1479
1332 1580
764 833
1466 2606
2365 2597
1398 1720
867 1573
1349 1720
1322 2184
347 1937
1596 2198
1094 2253
456 2326
1574 2694
681 1260
1394 1431
440 2418
1074 1280
857 2185
1216 1891
922 1845
455 1817
1196 2562
2550 2580
805 1130
552 1451
946 1584
917 1810
1104 2631
2203 2619
780 1911
373 2475
1228 1694
2169 2349
1016 1040
120 1146
614 2091
428 669
204 1498
362 1544
212 1837
123 664
997 1426
289 2018
877 1887
622 2229
330 2323
680 1199
143 641
1829 2684
472 2175
1280 2287
1868 2509
131 415
298 894
754 1106
942 2376
1588 2588
3 866
1098 2067
536 1188
1209 2277
1194 1451
624 918
1966 1968
315 1423
64 911
333 918
103 2258
863 1846
532 1261
452 1727
221 2222
1854 2558
477 2599
50 499
610 2302
1406 2554
222 602
912 1876
975 1198
881 1432
1278 1898
1632 2679
316 952
438 2081
1712 2362
399 418
390 1450
63 1627
391 2284
532 1629
134 2312
1365 1969
966 1759
1501 1791
1563 1634
551 2301
1150 1190
1009 1052
1212 1616
925 1127
1429 2623
5 1000
1339 1596
1074 1357
707 1813
107 1497
347 2354
2250 2441
1089 2568
35 1808
1996 2420
867 2329
99 2196
1400 1454
972 1796
611 2173
2332 2557
103 1499
740 2403
1452 1546
437 2004
2131 2593
75 2035
384 1020
1059 1904
1065 1488
63 1770
1266 2103
36 1847
510 1792
489 1292
1268 2569
991 1476
353 1741
99 2468
2079 2665
95 1300
2124 2618
1829 1856
827 1527
1394 1763
1195 1898
912 1637
135 2383
1643 2274
419 771
1298 2383
527 1854
400 2612
446 1261
926 978
885 1457
1732 2302
1140 1754
213 756
758 1500
732 2267
1596 1634
1223 2392
754 1529
596 1039
239 1246
601 2434
1514 2280
857 2501
1544 1994
281 525
204 1841
643 1497
69 2260
1103 2581
1183 2500
302 2304
1615 1670
484 879
1155 1487
755 2286
991 1189
1374 2658
1386 1549
1499 1545
152 805
979 1825
181 2059
238 2059
1119 1471
68 895
1918 2553
1201 2210
2238 2486
828 1107
55 1891
1892 2404
939 1474
396 626
1093 1551
1128 2656
255 1735
199 751
730 1450
1190 2455
2067 2329
1203 1724
189 683
97 325
349 1673
1405 2604
149 162
513 925
1548 1673
1346 1942
27 838
99 1405
144 2431
1095 1402
1831 2003
750 1400
432 1812
861 2280
1020 2373
1872 2156
209 578
326 1171
996 1160
1583 1696
2249 2430
1834 1919
1007 1537
1440 1487
977 1497
1387 1472
638 2322
1208 1209
1364 1917
1321 1442
1210 2466
225 2140
326 2085
1383 1848
515 1503
1287 2553
1528 2060
2399 2571
1193 1387
491 2112
913 1838
502 1270
437 1783
972 1888
1090 1605
525 1547
637 2707
1412 2074
1076 2453
617 1634
802 1421
507 2048
1646 2196
139 1104
613 2132
347 926
364 448
1730 1946
131 1470
2037 2253
756 781
314 586
939 2178
378 2327
1656 2468
2008 2206
494 1083
1809 2562
1216 1444
1779 2267
456 2077
2079 2652
1076 2549
711 2261
903 1337
1600 2506
1541 2423
101 1208
38 1253
771 948
145 1251
722 1728
749 1673
296 671
1849 2370
1482 1807
873 1599
263 1420
1370 1480
44 996
411 1272
965 2630
450 1873
689 2284
1767 2296
1733 2374
448 481
170 1614
1255 1261
524 2662
742 2236
1212 2335
569 2159
73 2203
1819 2705
799 1469
157 2046
281 1430
1879 2173
1184 1284
964 1196
767 1452
845 1274
40 1378
1149 2080
780 1083
1755 2557
378 2215
47 1669
358 1190
386 1642
1115 1811
90 1994
1100 2550
596 2588
1061 1237
1557 2270
203 2225
1221 2563
1767 2531
900 1366
2251 2257
1774 2458
1393 1623
527 946
422 2211
1236 1550
144 1641
1184 1242
1223 2700
1304 1312
89 1215
1340 1672
1647 2206
2026 2584
1436 1908
1180 1622
945 2600
363 1294
1258 1886
903 2405
194 2660
977 2548
1844 2138
1055 2658
201 1550
265 1926
291 677
1541 1667
101 1580
742 1452
325 738
269 1832
2202 2494
1293 1549
1328 1502
664 693
500 2434
348 1684
1287 2214
1282 2575
1249 2337
1863 2376
1532 1567
95 1873
65 1607
1098 1706
316 2629
1269 2002
863 2017
1194 2587
393 1220
246 1737
732 2627
329 2564
1125 1924
423 1232
124 2377
725 1237
1357 1750
40 296
500 848
960 1777
1779 1860
395 1223
1662 1888
737 1827
1974 2098
2324 2556
1787 2160
1988 2540
2242 2675
1829 2617
715 1984
930 1181
1969 2214
511 1910
184 2281
295 1941
600 1608
224 766
231 2299
446 1581
94 1327
943 1097
20 732
1035 1155
2298 2433
1454 2372
1432 1809
681 2686
20 2505
422 515
1300 2519
121 2674
141 728
93 1255
1061 1406
1735 2085
533 1276
224 1003
28 565
223 489
300 1802
397 1370
635 1011
1470 1628
1783 2479
1108 1905
1458 1974
970 1239
1890 2481
48 2033
1337 1368
1846 2000
2014 2512
822 1274
1711 2643
1162 1421
33 747
1734 2439
960 1428
1133 1742
60 785
883 1406
719 2413
17 711
178 1857
670 2041
769 2646
300 2357
844 1451
223 2140
1845 2554
487 667
154 2404
2341 2419
911 1589
889 1692
355 684
1373 2316
1484 1632
1609 2057
684 1692
1604 2444
950 1345
1165 2629
869 1933
606 1672
702 941
35 1995
568 899
558 830
446 450
2031 2462
1884 2697
794 1463
745 1381
262 1560
950 1854
892 1738
547 650
691 2342
1431 2491
2059 2593
361 2519
726 2092
1579 2082
606 1159
296 661
686 1060
763 2146
2304 2704
1918 2019
136 2531
1589 2454
875 2152
51 1193
448 926
1236 2234
334 1525
1092 1903
225 1345
528 1568
1524 2348
123 610
835 2592
154 1658
546 1711
900 1248
1000 2094
931 1716
577 1061
1080 1196
1013 1660
917 2057
13 1076
697 1301
1698 2455
142 2440
883 1126
310 1819
1457 2656
865 1531
1731 2160
466 558
333 775
513 2360
1455 2566
489 2022
2690 2707
156 651
1252 1596
161 1688
1546 1823
288 804
1981 2708
69 1560
785 885
118 833
2095 2162
150 1758
991 2459
2050 2262
806 1980
1769 2556
571 825
458 1286
28 2008
428 1054
829 2049
289 1431
64 2323
63 586
396 903
1210 2019
1426 2627
730 1279
735 1349
471 1676
1479 1618
152 299
570 960
395 1821
1334 1368
592 2597
201 2559
753 1241
934 1184
1667 1713
213 790
576 1126
1348 2009
116 1828
1696 1712
1271 1736
387 405
143 1083
1845 2052
337 823
369 2457
1940 2519
2140 2672
874 2612
1991 2497
1631 2687
918 1534
1209 1722
1849 1968
1726 1807
242 1535
1338 1511
502 1777
870 1516
1007 1545
356 1316
1202 2392
559 2176
1780 1816
1538 1742
901 1635
282 2449
1324 1558
2099 2131
1723 2629
1432 1521
511 1205
1213 2001
1624 2124
1593 2410
1842 2197
1126 2442
225 1419
210 1772
631 1357
1298 1493
24 1389
1532 1603
792 1131
416 1216
444 1395
1297 1375
642 1568
970 2185
1250 1365
636 2253
439 901
1102 2125
651 2021
2017 2708
211 1944
582 1971
211 2253
2327 2431
328 1262
689 1490
2162 2670
480 2046
1712 1755
1417 2485
938 1262
2434 2674
370 2591
704 1124
1294 1612
562 1946
372 1030
1112 1622
737 2592
45 2605
656 776
249 875
143 2562
1995 2046
1890 1940
753 1546
640 2614
63 140
786 2421
1514 1671
511 1530
210 2700
186 238
867 2185
132 1770
110 1134
582 1918
1111 1695
639 1677
30 796
1200 1363
68 867
519 1740
1494 2707
232 2026
721 1154
625 2124
1040 1571
337 1293
1359 1837
908 1545
20 913
1626 2327
119 634
57 1924
276 1496
486 1249
73 116
2466 2591
1372 2510
1619 2355
350 2102
1807 2320
766 1851
37 847
938 1693
1442 2598
1231 1414
140 1725
179 1878
1471 1587
2138 2276
359 828
1742 2091
2433 2564
521 1242
1381 1692
509 867
932 1748
300 1598
528 971
701 2004
191 1357
1822 1912
181 270
463 1824
2087 2429
276 2173
132 602
36 1976
1045 2351
1119 2016
1130 2031
776 1885
1078 1819
1845 2644
1616 2506
23 993
2136 2509
1616 2466
115 2522
115 747
904 2511
213 263
526 1764
864 1612
165 775
1574 2169
1550 2006
1481 2179
86 2239
384 443
943 1092
1066 1681
1092 2104
559 2550
451 2245
509 1203
26 1640
1114 2086
69 239
144 1546
65 1829
1452 1626
72 1385
224 927
770 1519
519 2202
14 588
664 2514
1618 2045
1554 1684
1701 2472
18 958
137 511
34 1905
684 1767
402 2344
722 1556
956 2582
1537 1809
528 1400
122 847
1226 2231
977 2686
1300 1664
180 1652
669 2515
362 945
2024 2410
890 2488
349 1896
47 1080
1043 2192
680 1465
142 1418
1653 2085
277 2318
699 1202
126 1368
888 2094
1589 2671
1819 2596
1104 1297
347 416
188 312
1073 1844
472 1900
1267 2000
225 1249
1838 2299
84 1972
1860 2357
355 1187
1995 2278
541 1831
874 1349
232 2397
1206 2168
668 2057
685 1184
1879 2234
1166 1813
1205 2410
1791 1946
148 1885
1457 1839
240 1427
38 384
1661 1922
836 2412
1836 2571
1229 1872
550 1900
579 2174
1087 1502
1380 2503
306 2665
183 1948
410 1732
1012 2451
68 2231
1567 1784
56 2322
428 1491
452 666
646 2257
1050 1612
1595 2271
670 2472
1279 1746
298 1633
568 1506
1501 1577
284 1847
454 1563
385 882
1764 2381
175 1054
322 1380
1205 1280
923 1223
903 2021
2075 2129
707 897
295 1717
1226 1815
2148 2660
470 2015
22 2507
262 2026
354 906
1516 2175
826 2082
925 2296
1032 1108
1407 2014
834 2533
600 1407
2082 2372
1938 2017
891 2267
427 1164
986 2658
441 965
174 2395
1280 1727
1212 1304
2417 2580
786 1545
1189 1399
541 2406
951 1322
1816 2174
478 976
638 2085
664 1261
1422 2404
895 1039
1045 2028
78 372
2430 2556
1888 2398
266 314
667 1295
409 1783
551 1133
2131 2194
984 2580
319 1088
13 189
510 1993
683 2558
1830 2429
442 2563
1115 2202
1948 2556
869 1375
205 247
1085 2319
901 1496
594 1746
537 1222
153 2403
1044 1341
1092 2570
1394 1764
855 1376
916 1267
238 685
908 1781
582 1743
470 1738
1831 2082
638 2352
858 1247
1941 2145
675 739
705 2445
1567 2296
2081 2100
830 2511
626 1105
468 1384
825 1869
2423 2435
129 408
625 1310
1275 2489
1286 2299
84 514
393 1782
1127 2391
717 1569
36 1160
322 836
64 1935
170 2391
98 2671
711 1559
263 1687
1330 1853
1229 2687
1164 2302
540 905
1225 2235
1283 2367
144 1948
732 935
135 1607
783 2048
1556 2429
1348 2397
716 2163
1099 1476
1569 1704
254 2617
1011 1303
655 680
1349 2441
1761 2141
946 2393
1521 2316
492 2565
587 2608
524 2220
1369 1793
2337 2644
642 1906
35 845
867 1041
331 778
1724 2332
1255 1316
641 2021
116 1248
567 2623
95 2227
277 624
1265 2314
934 2084
758 936
268 823
46 1375
532 2262
685 1423
1248 2576
541 1667
119 1900
304 986
611 1158
506 2337
143 675
289 1262
61 1389
265 1345
59 1811
1123 1245
1441 2646
872 1201
72 583
24 1113
8 2170
233 1173
1706 2475
2 2433
6 853
349 2228
727 1697
218 318
1689 1987
1328 1633
525 2460
1475 2347
1286 1762
202 992
911 949
335 2317
965 1905
687 2648
7 960
1597 1828
676 1044
1952 1995
160 1913
1757 2375
827 1290
1258 2136
1722 2344
711 1650
728 1886
880 2416
1733 2626
2412 2469
778 2358
1153 2597
1628 2516
2245 2549
194 456
53 2361
2148 2167
229 2441
1142 1922
1079 2540
1125 1173
992 2240
1723 2490
2007 2206
361 1150
311 1594
211 1994
1207 2599
689 2695
172 1769
496 720
1158 1340
508 1985
646 1497
907 2637
2147 2239
198 806
817 1509
369 1808
924 2326
2050 2364
2283 2596
1583 2594
74 2170
1457 2020
1675 2477
1461 2445
881 907
1206 2209
160 1412
713 2416
111 1291
253 2095
702 1446
174 2451
2370 2509
134 878
249 1868
526 1141
695 819
991 1153
76 393
967 1476
95 1252
1834 2459
642 2510
498 1377
636 1474
770 1481
1829 2278
455 1373
588 1363
1324 2642
209 579
203 1563
1738 2156
423 891
130 1922
1764 2156
178 1033
1064 2306
1292 2299
611 1013
570 1584
464 1381
257 702
820 2549
92 2557
1053 2367
411 1201
1377 1405
2078 2144
321 1244
244 1599
266 521
421 1889
183 1380
47 964
711 1272
1266 1539
358 2228
38 2688
1299 1809
1113 1864
1025 1509
1093 2468
158 851
79 1256
2291 2445
89 2344
772 1860
1010 1163
1377 2221
1033 1992
558 2034
297 1495
1219 2324
188 611
176 2070
1951 2166
658 1349
1138 2358
450 1298
1265 2551
102 2014
1891 2500
443 2672
1834 2001
1551 2267
770 1709
130 1173
867 2037
1963 2328
2501 2690
42 1317
924 2046
538 2578
2108 2130
318 1023
1073 1159
840 866
292 882
1308 2339
1980 2258
795 1873
688 1104
335 2126
2484 2657
1717 1991
919 1085
1498 1802
261 2018
408 545
1077 1444
620 2332
1128 2295
1626 2617
577 1183
1208 2595
502 1019
1382 2026
615 775
906 1469
612 2260
27 1019
414 1427
2176 2331
287 346
1970 2578
528 881
1267 2527
144 528
389 814
463 1911
1127 2503
36 831
208 981
1575 2591
1385 2259
493 1686
1535 2259
514 812
504 2129
1250 1395
2214 2561
64 764
42 1306
1219 2695
1135 2059
77 2013
1352 1869
1128 1899
225 1495
906 2058
1097 2056
182 514
762 2444
2011 2059
1840 1902
1840 2146
102 548
1177 2296
628 1064
723 1252
2108 2671
7 755
216 576
72 1094
996 1541
1501 1832
1131 1843
279 496
1037 2054
163 1235
2463 2623
479 1971
1022 2681
360 1466
284 477
96 1636
673 1422
1684 1773
446 2046
1562 2117
73 1623
240 2475
2074 2485
378 1114
1058 1354
102 298
116 1800
639 768
1084 1927
454 2614
1226 1228
1926 2326
124 1183
427 1985
650 684
630 1825
563 2322
716 1098
2399 2577
1311 2510
938 1458
604 1811
194 566
2351 2566
512 1491
8 1241
1140 2639
1727 2424
673 2076
636 1869
524 1539
479 2566
1476 2360
236 972
314 1869
1520 2631
2029 2539
715 2236
1780 2214
8 2084
1265 1498
15 1792
204 399
667 1635
1785 2444
2038 2310
1650 1663
879 2590
750 2016
91 1788
487 694
73 1380
245 633
697 1668
877 1704
298 330
506 826
1472 2578
104 1964
1566 2609
324 2678
23 2432
927 1934
1711 1720
210 1034
724 1885
143 735
339 480
2156 2220
707 1817
964 1782
2322 2511
1164 1580
1197 2074
86 856
214 2689
1155 2089
1134 2034
762 2238
1562 2447
2238 2302
1354 1876
2055 2462
1048 2398
555 1102
572 2211
977 1742
395 2444
1545 2229
991 1088
1716 1928
1481 1702
1605 2613
368 1111
952 1511
38 375
975 2689
1073 1160
1746 2342
1061 1304
410 760
176 1739
462 485
1155 2463
1996 2502
712 2184
1061 1743
405 1263
904 2205
468 1669
784 1954
1387 2398
2466 2690
345 1532
899 2599
99 1734
1574 2059
750 2075
1686 2571
305 439
313 2512
356 2678
73 1592
1757 2247
323 859
611 1895
101 647
1862 2352
489 1080
1004 2100
233 1342
49 2440
322 326
180 2039
1872 2152
1360 2339
1603 2194
1042 1278
1775 2206
1268 1499
1599 2451
1327 1965
1326 2006
244 1560
362 1268
281 2130
1885 2057
1443 2038
640 934
614 2148
121 2157
1147 1843
79 2138
448 2471
2020 2310
668 2332
1400 1651
1550 1819
1199 2132
468 2325
814 1080
1853 2070
969 1118
354 2262
90 105
353 1865
98 791
397 1409
384 1481
715 1499
536 2703
1199 2021
813 2479
1308 1714
1969 2372
682 1775
1397 2532
117 521
1003 2365
684 1447
435 1479
694 1316
926 1275
328 945
1325 2515
1174 2479
851 1054
9 194
147 1813
1061 2179
543 2707
920 2587
265 312
901 1356
665 817
198 787
1628 1906
782 1235
556 2176
105 1276
124 1996
521 1227
1619 1770
854 2075
884 1235
279 936
841 1447
646 1033
2240 2295
1199 2000
886 1661
2422 2485
845 1363
1986 2471
1262 1318
675 1528
1580 1709
449 835
222 1920
387 1250
1693 2208
507 1375
361 2222
304 2300
1283 2246
287 734
458 555
2242 2661
167 1804
88 1709
100 687
1992 2416
347 2202
1078 2466
1305 1328
29 2280
1595 2315
2202 2336
1457 2002
1146 1255
1 718
343 1992
699 1251
2028 2074
100 387
472 546
852 2667
285 1578
975 2693
2322 2348
596 1111
1519 1978
1154 1651
682 2293
313 1862
275 1405
871 1596
1374 1695
450 773
11 2023
869 2197
567 2037
2326 2428
392 2554
1574 2223
95 531
847 2413
717 1335
1191 2674
253 2001
152 1673
1588 1870
622 1501
879 2552
1646 2252
203 2586
2496 2522
1841 1911
1046 1186
2173 2222
766 1579
1841 2206
101 292
1783 2613
350 1482
1481 2446
565 2675
56 907
670 2038
123 451
1679 2625
870 1644
7 2379
400 729
758 2545
1714 2136
1029 2048
532 2023
240 721
476 2015
94 1991
198 1171
2221 2581
5 449
59 2345
991 1612
1397 1612
1172 1389
50 1258
39 2316
289 1728
1462 1966
508 978
998 1379
1780 2284
398 2665
445 2183
845 2651
1933 2443
301 372
2468 2538
1082 1923
451 564
619 2258
639 2008
755 2372
1637 1861
1371 2448
419 1080
192 1294
150 1241
1212 2672
268 1078
153 2554
663 1462
1064 2313
29 2214
1081 1110
716 1854
830 1020
277 306
571 872
1531 2626
1105 1619
1981 2376
1344 1913
275 2253
556 1033
2468 2589
115 601
390 856
778 1112
2111 2401
1084 1557
749 2322
1600 2398
2017 2117
1369 2020
1614 1653
543 1339
1370 1786
309 942
1280 2600
480 2141
546 1373
1764 2007
1905 2620
918 2499
1665 2020
1113 1417
625 1654
2061 2199
340 2281
972 2242
1903 2201
597 1722
8 2476
1600 2575
502 551
825 1734
201 1410
1952 2644
968 2582
865 889
946 1474
1501 2068
1918 2262
470 2061
682 1325
822 1206
1543 2099
54 2111
449 890
161 1217
151 981
25 242
1858 2615
432 2686
704 1932
1024 2202
33 288
220 804
966 2422
1958 2278
471 834
2114 2700
1204 2338
1867 2159
39 1445
1071 1305
1398 2551
970 2318
576 1492
419 1513
1422 2335
1030 2412
1686 1789
2019 2383
719 1419
1245 1904
775 2560
2214 2432
1370 1918
267 378
507 1991
1127 2293
2469 2567
78 2434
1163 2000
271 2539
411 2134
1498 2200
1823 2322
1831 2185
337 854
346 2093
672 1845
139 826
286 510
655 2140
755 1757
837 2426
1425 2271
49 249
1135 1430
2317 2642
1910 2351
477 1948
2503 2516
1524 1923
504 1602
713 2521
1037 1205
1544 2316
210 2259
1568 2351
772 1841
306 665
146 2475
936 968
1119 1184
610 2116
620 2364
2109 2704
206 339
188 2233
922 2617
497 2651
1113 2544
484 1562
2279 2457
1024 1796
322 1439
697 1149
1371 2591
1086 1199
142 1391
21 1515
89 2079
969 2367
49 1237
42 1655
1693 2003
103 1269
596 1626
996 1458
976 1616
1913 2563
981 2507
262 1264
547 805
120 1541
852 2187
848 1527
1074 2552
1829 2114
672 673
634 882
1944 2538
490 522
1380 2128
412 1481
394 2075
23 1027
135 1730
937 1422
552 1255
337 945
42 732
1113 1915
388 2026
1464 1981
53 1592
998 2273
321 1319
284 1690
1251 1936
52 639
201 1209
1126 1896
1609 1911
22 783
63 2011
840 957
242 1787
267 2058
609 2084
2020 2045
395 746
1673 1688
2093 2449
1478 2182
1219 1856
261 676
699 1367
525 1040
2099 2419
1064 2283
928 2178
346 808
345 2647
734 2404
1772 1963
1457 1860
1543 1678
11 1579
597 1918
438 1390
1312 1813
139 240
612 1845
795 2386
924 2496
296 595
1555 2708
956 1130
1156 1478
226 1588
375 2434
1271 2243
261 2561
162 597
651 671
554 1001
606 2236
2006 2288
623 1336
292 948
1941 2546
421 1318
137 2679
258 2171
527 2214
1253 2011
1382 1557
307 967
883 2268
1230 2414
2395 2433
1233 2031
489 554
1512 2469
822 1180
899 2251
1564 2304
361 1059
95 1343
1783 2697
606 1779
1964 2593
830 2503
996 2037
163 2371
926 1934
1579 1892
1706 1755
1329 1900
873 1434
1116 1975
64 484
103 1604
510 1512
1405 1797
170 1210
1679 1741
1252 2340
42 1347
1084 1323
1210 1902
1318 2017
2000 2391
1764 2313
1382 1926
1517 2330
2393 2626
2243 2643
644 1133
1670 1761
1208 1901
1901 2037
35 1730
1707 2700
1018 1728
2377 2486
1703 2462
1576 2070
1885 2134
281 1914
1421 2431
565 2562
203 1015
2114 2221
292 878
781 1407
1072 1839
1893 2114
130 1223
418 2496
1974 2068
522 2619
1379 2075
255 2686
1867 2176
392 1005
1612 2647
248 503
39 2233
582 675
157 686
667 1179
1485 1750
684 922
1602 2008
123 1463
127 1039
175 477
122 1776
294 2259
409 449
191 2325
323 898
1027 2565
2642 2674
1438 2268
503 2654
2178 2647
396 845
684 2004
1122 1742
2 1774
312 1794
1557 1845
490 1537
1598 2660
849 2469
243 734
945 2283
146 2142
681 1686
1415 1574
2 678
207 1868
1245 1659
949 2018
1637 2663
15 474
1391 2397
1610 1975
132 1044
260 1225
224 265
1672 1841
178 2401
882 963
2550 2637
664 2090
1767 2148
832 2111
579 2441
1068 1648
1403 2683
416 1759
500 849
101 1621
1269 1456
1171 1891
1569 2625
1011 1885
647 874
128 145
921 1330
2414 2687
412 1843
85 234
1548 2672
849 2330
2185 2206
763 785
825 2168
462 499
1173 2331
1041 1404
2369 2577
761 1759
479 1705
458 627
516 688
747 1482
1735 2193
169 1901
742 1216
112 563
350 2046
1976 2301
1230 1596
992 1329
775 2636
638 2174
386 1489
1577 1974
413 2615
2073 2123
912 1185
857 1285
1593 2083
621 1572
1381 2276
1828 1965
692 2054
375 2205
100 715
232 1813
1817 2182
103 1936
120 811
1695 2480
47 1102
552 2611
781 2099
738 804
1427 1622
2 2531
890 1665
1015 1387
886 2294
1710 2004
549 734
979 2028
2184 2552
1854 2125
1360 1537
1107 1140
1265 1583
258 1173
437 532
287 1514
1372 2591
1519 2089
830 1618
570 1045
269 514
1618 2344
1298 2365
327 1429
1622 1691
904 2594
90 809
142 2334
536 1360
1494 2560
481 1904
923 1953
1080 1792
456 1938
631 2245
2194 2406
1570 2547
363 993
1195 1525
865 924
1158 1372
109 1399
624 858
651 1802
1051 1881
7 1582
1445 1851
826 861
441 2445
1649 1903
1926 2145
617 1511
718 1334
156 1915
904 1907
259 2243
1841 2055
928 1515
68 546
1928 2595
999 1555
1389 2287
909 1214
301 619
146 2061
1401 1469
1807 2581
784 2085
870 2160
951 2028
1616 1838
330 2480
294 2015
2536 2620
203 484
280 1203
2073 2455
413 1223
6 1313
1002 1267
295 2576
1845 2001
1808 2693
416 1607
874 1275
701 791
833 2364
967 2629
6 2027
1589 1675
155 2035
727 2279
657 2255
464 2201
1477 2310
643 2203
553 979
1038 1900
1175 2566
1621 1697
817 909
1786 2320
1476 2562
22 311
794 2161
127 378
1543 2283
436 2523
614 2021
351 1659
1430 2634
1541 2706
1383 2452
294 783
1892 2599
1192 1295
847 1325
318 457
1412 2232
352 852
271 719
6 875
581 1022
49 907
870 2252
1155 1804
1155 1671
684 2551
1612 1907
419 531
734 2468
908 2510
1204 1970
1060 1300
700 2614
143 624
494 1440
749 1845
47 1267
1095 2368
485 2527
33 1619
1784 2074
383 457
1450 1857
1572 1756
641 1749
39 2347
79 425
1754 2039
2061 2266
1171 1318
604 1047
1522 1917
520 2245
848 1879
1811 1920
340 2568
858 1549
858 1285
1697 1714
2267 2303
391 2337
354 2153
1314 1666
262 2286
553 1700
1678 2068
715 2170
405 2081
240 2406
1876 2488
1202 2217
582 627
51 1375
103 1804
390 2267
521 2007
1244 1700
164 1560
477 584
758 2139
778 2479
1798 1941
329 2584
1620 2244
592 2477
313 1545
372 1653
927 1780
1210 1404
2038 2395
175 1605
1151 2435
80 2210
1724 1739
1863 2306
305 1134
523 1007
523 2608
1466 1486
580 1466
310 2416
898 1433
324 1131
723 1946
563 1545
242 2664
393 1786
1101 1594
1705 2266
894 1368
836 1417
226 1716
675 2636
41 1315
512 2018
634 1321
456 2302
2310 2619
497 1960
44 1300
1035 1428
187 257
192 510
163 2483
514 1573
2261 2390
321 634
734 1148
174 813
1287 2206
770 1773
1048 1158
1056 1303
770 1811
742 1756
1501 2091
83 418
919 1566
488 2146
2267 2280
652 1487
292 1489
630 2394
247 256
110 1401
1189 1889
1013 1536
1565 2530
838 1594
1045 2140
1439 1835
655 2435
153 1385
18 2073
534 2087
120 1861
2083 2314
1465 2270
1116 1129
1866 2539
413 1283
1378 2005
1009 2580
486 552
1336 1622
739 1995
1065 2453
261 2198
1886 2591
747 2209
134 469
848 2577
966 2391
1 1826
1887 2620
961 1711
471 544
339 1831
112 1703
842 2467
318 345
1812 2547
1176 1959
817 1235
700 1844
153 1023
350 2242
328 2578
76 531
1018 1136
372 1960
1808 2542
1056 2663
711 2126
1223 2575
234 818
61 149
634 2661
953 1911
835 1694
1284 2126
547 2661
718 1402
391 1828
552 1443
1185 1331
81 2327
23 2274
789 1381
2421 2661
1422 1637
998 2643
235 1438
1978 2022
538 992
1487 1748
845 1151
729 828
735 858
581 807
600 1026
1547 2228
54 2156
112 1562
1650 2067
1322 2041
104 1893
472 1105
1015 2386
510 2561
170 1541
742 1485
1037 1899
823 1906
2108 2219
1543 1984
455 1589
831 2298
17 1966
1062 2161
1547 1884
377 881
1944 2197
1578 1667
437 1817
1142 2434
1399 2449
259 1132
1336 2019
416 2458
346 1876
1033 1133
621 916
752 1233
897 2312
290 1996
714 2706
2021 2126
1976 2481
15 476
1641 2533
109 2459
1177 2099
20 2617
1779 2154
874 1075
335 1714
1177 2161
511 1435
1584 1618
845 1858
910 2411
478 751
1263 2606
423 1259
806 2364
2416 2517
858 1981
1043 1919
1151 1927
1239 2469
856 1622
545 1674
1592 1860
272 857
131 739
1299 2092
702 1634
1177 2043
133 2373
68 2607
1100 2353
1034 2019
449 983
406 2180
1536 2037
1096 2196
1972 2421
991 1274
297 2539
2305 2654
277 2484
864 1274
576 1701
1754 1816
155 526
1271 1337
1667 2420
495 533
563 2550
1488 1641
586 2090
501 2691
130 990
1217 2507
1985 2167
298 637
718 1833
1112 1714
48 1471
1188 2507
2242 2511
556 2606
362 2567
688 1089
707 1207
743 1852
729 907
482 2209
295 2091
1314 1562
55 401
962 1425
2057 2610
859 1904
474 700
699 1933
2063 2084
232 391
701 1980
1381 1670
465 2014
14 32
317 830
1044 2559
506 1612
388 1775
295 2104
441 2364
1104 1431
2086 2686
99 2596
1436 2689
63 1660
538 1726
1937 2266
2049 2586
1163 2477
125 2180
1112 1283
784 2682
932 1013
102 2288
1937 2435
800 2278
569 724
2163 2642
1607 1679
26 970
1295 1558
2023 2293
1210 1757
459 2298
625 737
900 1041
242 459
1042 1487
2256 2416
742 2657
313 2306
612 1018
371 2288
1610 2255
707 1527
55 292
1136 2400
550 656
942 1085
2 2280
928 2405
418 2156
373 878
926 1333
252 500
508 616
44 1056
1016 2693
10 630
507 2293
924 1155
1025 1544
280 2428
425 2167
753 1436
1868 1907
70 967
729 1705
821 909
3 1029
230 2376
154 428
969 2278
336 1292
1103 1974
785 1478
386 1522
1092 1667
1681 2580
538 682
2073 2094
15 2256
240 931
1322 1502
2146 2606
1456 1547
1465 2130
584 1272
128 1549
1942 2601
2132 2370
249 2519
479 2273
46 2058
817 2070
2024 2476
330 1340
1290 1591
491 1649
652 966
961 2496
1058 1662
678 2177
2450 2511
914 1823
163 1903
793 2429
1935 2530
592 1025
500 2222
255 1514
672 1742
1463 2351
386 1400
130 2134
2045 2581
1491 2201
2085 2148
1710 2077
1302 2512
644 1025
774 1772
401 478
1201 1363
1731 2703
1268 2318
153 1374
1142 1666
730 1002
221 1120
2080 2634
12 1012
838 902
1023 2373
289 913
1211 1677
579 1659
335 1430
680 1538
1960 2447
30 1822
1336 2228
1424 1798
431 1013
707 1436
78 753
486 2639
643 1267
720 1429
562 924
528 1885
1165 1471
654 2347
349 1353
1304 2689
527 1497
968 1515
2077 2148
1611 1843
1827 1964
1281 1914
1580 1585
691 788
1910 2448
408 1791
592 2531
966 1509
1764 1843
43 225
116 1592
289 2244
577 1055
375 1105
487 2601
171 1588
809 2318
18 356
362 1782
812 2501
958 1838
1774 2365
309 2434
471 1871
1449 2324
635 2384
1061 1365
1673 1934
501 777
422 542
987 1605
2411 2697
1898 2635
1308 2318
254 737
2046 2629
935 1730
2415 2428
73 477
1434 2496
1060 1637
415 698
238 838
1002 1729
293 1719
1891 1917
191 2212
944 1248
452 2564
56 1324
859 1173
255 1153
988 1293
925 1407
440 1080
480 1500
1414 2373
489 662
2080 2146
522 1294
993 2021
392 1509
587 2558
2152 2344
220 2089
625 1808
210 1428
33 2256
810 1636
1892 2458
2124 2471
277 2141
723 1378
1832 2555
1924 2334
1443 1774
2287 2522
1744 1854
275 2485
385 1676
1019 2182
486 1222
1103 1376
2015 2596
453 1545
1039 1054
248 2128
1394 2173
1672 1840
1477 2025
784 1496
1032 2202
340 1346
88 891
841 1215
2144 2384
714 1111
1004 2123
895 2416
454 2426
727 2691
1019 1042
2127 2510
981 1436
476 1917
1479 2432
209 2597
1255 2076
1259 1496
1938 2043
88 805
93 1703
18 1063
807 863
1414 2593
99 2066
291 1162
1620 1972
262 2222
446 1804
402 1629
806 808
810 2312
409 1425
1575 2647
114 2708
971 2460
563 1212
1511 2475
442 1332
829 950
722 2373
1251 1524
37 1986
1345 2372
22 2066
198 1364
319 557
873 2281
488 1976
207 1147
1381 2672
2095 2662
2333 2615
218 2257
565 1621
1442 1624
1119 1313
774 2004
171 1214
1779 2033
748 2655
547 2611
418 1502
240 2151
167 1356
1138 2489
1007 1955
714 1018
315 471
393 1581
1470 1834
1088 1664
419 1547
552 935
1141 1953
47 846
1618 2421
687 992
795 1666
495 1001
247 778
449 2062
837 2320
1624 2196
125 2344
699 1334
401 1111
644 1121
579 820
116 678
95 2604
1257 2595
1081 1090
508 2073
552 1946
357 2508
2278 2514
1207 2432
836 996
795 998
1303 1901
516 1777
325 2560
827 836
1019 1807
745 1148
326 1340
923 2339
1419 2549
253 2232
1564 2626
563 2218
1523 2594
404 809
1755 2092
573 1718
552 1501
99 903
373 2151
825 2221
1220 2467
1941 2501
244 560
825 1746
46 1421
686 1179
502 1940
2063 2561
1069 1222
1271 1434
333 696
1187 2683
469 1638
201 1521
1234 2467
1789 2455
459 1788
818 1858
487 2374
182 1488
689 1230
928 1471
1563 2240
470 1413
1663 2637
2139 2163
1983 2231
1653 1857
11 2708
1045 1490
646 960
687 919
625 945
484 1584
1076 1905
1414 2241
1033 1244
1068 1593
137 1629
1147 1828
514 2084
2447 2636
129 932
676 2704
488 1367
913 2100
115 1211
214 2527
795 1020
576 2381
1098 2661
855 1590
198 1114
245 1402
781 1936
108 2613
369 408
207 898
791 1709
1779 2343
992 1539
295 1357
1266 1725
1357 2039
234 272
1735 1902
1221 1300
793 2028
1424 2381
814 1079
437 2035
556 781
1262 1477
510 2153
1435 1447
659 1593
172 2694
1429 2354
622 2511
1582 2176
735 1839
466 2280
696 1384
664 978
1074 2294
699 1097
744 2447
1920 2277
562 1410
1809 2356
181 1761
247 382
302 1337
1611 2421
1494 1501
751 1940
592 2683
313 1355
705 1135
1410 1770
566 1105
645 2141
1090 2318
1005 2252
414 1597
1100 2283
1129 2503
322 1788
2345 2442
1237 1476
1531 2330
18 563
120 2130
1195 1831
1348 2483
572 2511
221 1327
355 2544
631 2591
1674 2174
116 226
242 2453
1665 2235
325 2244
246 742
778 1578
1952 2214
1807 2217
966 1118
1725 2308
2357 2377
1428 2318
1321 2269
420 515
1264 2598
1511 2604
537 2620
691 2087
124 1402
1330 2566
2008 2327
96 1527
423 1148
682 897
943 1684
109 2596
1346 1895
1248 2545
701 1111
1474 2100
953 1338
302 2331
11 2044
1841 2500
2196 2259
1418 2577
806 1618
821 2612
836 1889
816 1629
613 2165
2327 2378
642 1265
112 408
1186 1451
623 2183
655 735
1573 1671
878 1275
890 917
557 2068
560 2193
1068 1742
594 1645
360 1712
55 869
182 758
55 2095
32 626
555 2447
969 2104
401 867
621 1885
19 1868
788 1204
316 1820
1594 1862
485 2581
886 1361
522 2304
741 2576
1126 2655
384 965
1627 2639
731 1233
53 105
393 1719
522 1386
428 2560
271 1336
467 1678
624 2176
1205 2703
507 585
453 2705
80 1136
826 1651
689 1827
32 636
1621 2159
258 2430
1418 1568
1627 2417
1025 1725
73 1009
318 1287
2228 2325
1206 1674
828 1456
552 1607
1438 1556
253 2005
1563 2571
2046 2297
1422 2578
71 113
339 2303
1593 2680
724 2369
920 1926
2429 2538
1882 2077
829 1867
43 1185
85 2212
2208 2517
468 2503
823 2566
544 882
1032 1734
1740 2643
586 892
164 239
602 1177
659 2014
1536 1966
1637 1815
905 1426
34 1360
912 1426
431 1557
761 1121
581 2453
890 1896
1385 2687
1687 2185
2428 2430
664 1090
402 2412
504 536
335 1434
1129 1379
37 614
610 2499
595 2247
1181 1665
1866 2062
292 620
1258 2222
