942 1124
67 2157
184 578
551 1441
1149 2001
2023 2285
1077 1723
715 1264
2377 2675
660 2421
644 1360
857 2435
813 2340
1344 2298
666 1334
1376 1611
1538 1764
541 1413
966 1776
1053 1738
372 1314
2 581
1501 2667
681 1942
844 2210
381 1915
495 1862
71 1852
574 2673
1253 1511
95 2398
2244 2357
2551 2670
1310 1792
316 852
2125 2301
790 2275
728 1561
86 2134
298 2349
975 2082
586 831
551 1689
65 998
1569 2099
1928 2323
760 2284
41 60
60 390
1041 2181
474 1354
2555 2584
785 1616
524 1442
10 1379
442 2307
147 2381
1228 1734
1857 2261
431 1954
2544 2687
234 495
473 1554
1219 2599
1496 2644
1570 1645
1364 2049
408 1170
561 716
1631 2354
955 1342
35 2636
292 817
1455 1513
180 1143
577 1420
397 1041
2179 2332
681 900
531 2220
972 2483
44 2132
519 1596
528 2597
1358 2095
118 1970
1648 2129
829 1743
477 1655
269 386
1084 1233
1449 2593
165 385
2325 2389
586 1743
275 2261
790 2468
1034 1227
258 603
332 441
425 1232
175 1334
1776 2030
444 1452
800 977
575 1199
628 1767
455 2541
1524 2339
675 1349
2306 2661
632 1137
638 1590
1252 2013
661 1987
410 1039
566 1078
531 979
261 993
1708 2238
543 1222
972 1081
1933 2233
1527 2584
336 1555
816 2462
311 1077
242 885
1182 2417
412 2134
388 825
209 1802
336 883
130 2258
215 1678
838 2098
524 965
1373 1695
1172 2136
1378 2048
1905 2367
108 1582
857 1398
651 995
125 2566
340 919
1222 1968
965 1030
1213 2440
289 1375
228 744
778 2677
324 1193
338 937
543 549
930 1679
218 1262
53 190
990 1792
441 772
750 1592
1530 1651
1707 1971
907 2455
164 1520
1783 2161
931 1946
572 955
1025 2267
394 1005
1471 1959
754 860
1063 2144
454 692
384 1066
7 126
516 2368
1726 2304
178 1506
155 1343
43 2170
406 1993
548 793
1932 2105
830 2103
1063 2132
37 138
1938 2292
111 1314
1122 1129
1106 1611
569 2606
1725 2381
1515 1755
2049 2593
756 1408
1060 2694
2291 2523
480 1294
485 2569
814 2365
566 1731
1324 2390
106 1514
1329 2028
26 928
295 1078
664 1759
1597 1871
256 668
1592 2278
1866 1935
399 1107
621 2326
2006 2690
1753 2328
1671 1758
448 1334
1415 1829
817 1217
1219 1594
792 2381
437 444
876 1463
551 2329
604 1876
1188 1810
286 1344
252 2245
2198 2705
1075 2451
575 1084
263 737
1182 2703
794 1702
2112 2672
355 1026
2072 2244
1768 1776
1041 1748
567 1107
21 943
1323 2210
851 2545
1170 2307
543 2426
1756 2068
1858 1981
789 2483
642 2000
1845 2474
441 1965
119 747
1239 1595
959 2017
474 2608
481 2013
2325 2553
2102 2677
664 1940
504 585
500 582
70 1332
2176 2517
1731 2145
484 1365
1095 1692
444 1403
75 2545
1840 1975
875 1620
884 957
2211 2258
504 751
14 1975
101 387
1537 1829
201 2386
131 2516
1156 1529
1443 1749
982 1693
1262 2581
1095 1797
454 2695
731 2306
514 2616
550 2256
614 1208
816 1478
972 2144
753 1575
794 2198
603 794
880 2346
336 1198
329 1120
785 2249
2348 2360
623 1143
230 266
888 1364
1479 2419
526 901
628 2062
1686 2386
43 1050
2029 2579
1228 2537
112 520
46 2208
1084 2356
1214 1464
410 411
407 1452
1620 2076
1954 2221
662 1530
1209 1935
230 2223
540 1858
644 2629
336 1858
2292 2496
5 1880
2245 2256
485 1607
154 1786
882 2354
140 373
416 746
480 666
1758 2374
910 1075
358 731
1661 2041
403 2324
944 2620
1035 1174
538 2288
580 938
567 646
907 1111
318 2422
794 2649
1759 2355
838 2460
345 1099
1087 1742
592 614
473 1646
64 1110
85 713
72 179
70 1532
1948 2236
351 2280
1814 1948
477 642
706 832
226 911
2158 2684
559 2288
1040 2115
1189 2451
450 1881
1 588
369 2178
41 2325
802 2551
1189 1374
955 1002
628 1869
633 2124
695 2707
2307 2707
1018 1288
953 1121
715 2403
1520 1815
1000 2592
1060 2594
412 1877
684 2175
1177 2553
942 2580
537 1853
450 2336
2497 2526
570 995
1016 1901
701 958
1398 2025
1287 2682
827 837
2130 2351
2297 2611
751 1852
1257 1944
91 715
265 2041
1726 2364
613 1716
38 2674
1065 2565
242 2484
228 2547
910 2628
669 1012
240 1225
606 1920
2300 2451
746 1710
262 2443
121 286
1115 2416
1954 2588
83 2227
389 2555
1983 2001
1711 2096
1959 2462
191 2660
363 1555
1400 1823
572 921
243 2614
609 2440
735 1645
1069 1702
131 1326
178 1193
793 2466
2193 2295
400 2490
1294 1379
2619 2654
993 2600
1374 2422
715 2533
35 2108
790 1172
768 1611
1249 2398
300 2051
16 42
232 913
1178 1558
70 1189
637 2339
1428 2348
1331 1696
32 1590
24 1346
228 1447
2266 2659
230 1022
1670 2162
1149 1837
302 1248
1858 2648
77 2367
381 1347
37 2059
1054 2154
852 1728
773 1649
1424 2140
17 1940
1248 1738
963 2446
22 1254
643 2252
646 1568
37 1627
1597 2456
1969 2134
789 1197
182 1590
1066 1769
639 2475
893 1659
821 1133
313 1773
722 1045
2407 2522
1650 1706
955 1088
1671 2044
491 1737
1257 1915
455 1977
260 1641
775 2134
2530 2615
80 2670
865 1283
278 482
1263 1829
698 2086
1590 2521
75 775
594 1840
575 1017
126 2555
748 1269
2226 2419
512 1890
841 2375
50 1757
2446 2705
1794 2245
440 2696
113 1995
534 1201
265 2364
625 964
888 2372
694 2493
1477 2024
1292 1947
41 750
502 2673
962 1564
932 2372
2571 2708
379 2369
16 135
281 1854
361 1021
842 1865
1550 2612
396 1960
231 1040
916 1336
8 2344
734 806
1246 1538
67 2687
1876 2278
986 2401
495 1126
567 981
1270 1356
2606 2687
1158 1534
1605 1914
2125 2674
733 2028
5 2031
686 804
1043 2012
326 1736
358 2342
1022 1430
538 780
895 2306
540 1259
555 1380
23 1463
947 1122
1039 1080
55 537
160 1460
661 2375
942 1515
103 2558
1305 1348
1043 1250
2430 2604
873 1319
1979 2605
946 1065
299 2577
514 732
132 1844
1083 1425
524 2412
2094 2211
179 678
570 2372
623 1917
2104 2227
1945 2499
1378 1577
248 706
1442 1902
151 2128
926 2686
806 1749
1206 2347
19 336
655 1848
1821 2440
98 923
1698 1965
693 1238
55 492
583 1026
1172 1299
693 1244
65 983
1754 1938
218 680
228 1113
761 841
324 2706
585 2389
2550 2668
378 1370
1993 2219
132 1280
913 1304
172 536
1119 1471
113 1515
126 1030
399 2314
1018 2180
809 1562
767 2105
1257 2664
1657 2519
519 937
1012 1068
198 231
943 2092
779 2677
2316 2345
759 2160
2305 2704
199 1466
1216 1360
86 687
299 2007
2196 2240
869 1681
988 2084
1288 1496
1809 2648
463 482
395 513
667 1389
592 744
165 2538
596 2008
1099 2124
225 1663
542 2041
1030 2092
1182 1988
1063 2469
259 2665
1393 2425
607 768
2360 2674
209 2700
260 2220
138 855
1337 2257
349 2133
675 949
211 1209
237 1182
77 1195
2019 2286
155 1604
642 2041
527 2422
1336 2604
202 683
1211 1586
1097 2316
1794 2426
1598 2589
1730 2168
19 245
67 324
1689 1967
129 148
2278 2631
675 1601
1843 1856
602 1585
1001 1211
1654 2226
56 1116
138 1523
2592 2626
339 1582
171 183
1336 2103
1436 2468
1934 2417
1195 1786
2282 2397
2306 2499
391 1283
862 1878
153 155
1797 2099
2081 2431
1839 2571
1670 2054
92 199
375 1248
1513 1927
999 2260
1977 2353
479 1502
1612 2372
1142 1528
1037 1826
587 1172
587 1692
503 540
1085 2551
1246 2648
807 2018
579 962
1260 2376
668 1284
1606 2552
2089 2700
1045 2320
71 715
1287 1782
199 1255
347 1376
498 1069
252 2592
2463 2471
1340 2417
432 1457
1304 2545
103 780
1992 2282
639 2138
268 1071
1568 1578
1244 1501
724 1419
1637 1679
1262 1831
779 1817
445 2059
376 707
1044 1496
919 959
1845 2605
1256 1488
513 1076
924 1968
59 1330
318 2576
1575 1900
519 2251
2564 2617
1016 1619
623 1689
1750 1995
1538 1654
376 796
251 886
533 960
1419 1669
1798 2197
502 1958
668 806
343 1858
34 838
37 2255
1141 1193
603 1923
1052 2245
700 1461
1519 2288
680 1993
983 1229
1842 1904
274 2594
1895 2415
645 964
425 1483
1067 2219
491 560
404 1282
472 1502
1506 2397
709 801
360 1734
2486 2648
98 1260
1565 2319
2416 2555
75 630
534 641
1399 2238
2040 2258
1675 2026
347 522
91 344
54 264
1671 2510
2029 2145
1590 2556
128 175
1491 1804
534 1257
47 1755
1267 2216
464 637
2044 2609
89 2636
1605 1937
1453 2292
1021 2102
1724 2245
356 589
1059 2320
627 1078
288 2561
79 2297
1782 2363
2315 2557
1135 1380
1003 1693
665 1162
1903 2005
1620 2251
623 2228
968 1599
756 1586
945 1899
1000 1851
2048 2619
512 844
2379 2565
495 2136
411 491
1020 1729
28 2595
882 2003
182 428
223 1868
488 1577
650 2419
1203 1905
132 2043
439 1002
636 1442
440 1924
2098 2181
1390 1656
1019 2091
1166 1878
626 1992
1645 2212
1176 1535
778 2300
1117 1374
285 1032
1223 1286
893 2655
475 1749
526 1773
2056 2559
186 1717
311 2104
110 600
1527 1947
105 2258
1713 2373
1489 2081
824 1600
153 1376
311 922
771 1828
913 1214
547 1103
175 1322
865 2180
601 2109
1162 2099
1603 2130
1932 2596
96 655
1260 2100
284 1780
562 1953
126 414
309 470
719 2548
641 1827
1453 2597
768 2128
1533 1965
546 881
2076 2544
2207 2697
1519 2050
401 923
274 1214
2001 2012
1709 2175
13 1652
788 1926
1087 1446
465 2517
1554 2397
425 1759
1418 2433
2175 2330
508 2636
122 1298
1012 2074
1334 2644
486 1586
737 808
67 882
51 400
1085 2588
1082 1431
2024 2060
975 2179
856 2517
2031 2337
234 2646
1245 1305
888 2431
805 1529
52 261
2027 2028
1248 2016
1629 1867
437 2373
1038 1130
37 741
65 2583
361 1952
1624 1699
1383 1723
48 91
1530 1794
854 1214
879 1652
698 1420
1678 1817
1255 1589
1312 2299
696 1559
969 1763
2046 2398
1689 1708
890 1627
291 360
212 472
28 309
918 2510
1377 1959
233 2612
1969 2609
873 1178
682 1410
542 2167
18 598
234 1856
1222 2415
345 1148
304 2251
218 320
511 1405
91 372
1128 1844
882 1525
295 557
70 1177
1466 2428
2013 2474
343 575
518 2133
339 362
253 1768
141 2227
1567 1959
457 1638
894 1677
485 686
236 1131
903 2142
898 1112
327 1344
1686 2031
301 1823
1306 2426
1201 2395
2006 2174
2154 2688
1263 2658
600 1987
492 813
1337 2177
261 1404
402 816
186 761
207 1166
1839 2455
814 2649
417 2453
2049 2246
223 816
392 1512
1438 1824
621 2109
2335 2381
1266 1951
564 2054
645 1637
1272 2457
1494 1557
1250 1730
1282 1525
1469 2173
301 320
30 339
1159 2086
57 1650
368 1598
1597 2589
216 2020
2140 2314
929 961
99 1836
238 1390
711 2345
118 313
129 2161
1155 2066
655 2176
491 2491
237 2418
2429 2589
1574 2019
740 1503
83 540
78 89
1468 1701
405 840
1290 2340
2405 2635
471 2327
1890 2091
452 2241
857 1267
884 1358
1604 2206
1996 2559
468 1040
818 2341
343 883
75 160
424 1837
787 879
1211 1364
783 2087
67 483
837 1811
1304 1710
1541 1570
1381 2084
2114 2282
649 2373
1210 1241
891 1619
713 755
396 952
1310 2438
545 1349
2166 2380
1819 2302
1160 2284
1611 2259
732 1987
192 1958
114 1315
569 2682
1065 1181
280 1897
510 2389
1414 2052
495 1536
1183 2056
1600 2178
2258 2512
1481 2695
568 2215
1190 1610
515 1273
937 970
148 749
424 1980
178 826
919 941
301 1912
1358 2280
292 1936
852 1435
30 164
1189 2704
555 1174
753 2293
955 1708
1603 2132
526 686
1472 1652
635 1487
751 1328
2051 2180
1251 1556
1421 2604
101 248
549 1845
808 1444
882 1515
2553 2623
1571 2628
198 939
1726 1791
122 1164
336 511
291 725
223 1465
1289 1366
349 2090
1616 2639
126 826
8 2209
841 1577
184 2612
552 1981
968 2232
938 2668
337 1062
1622 2368
36 869
739 1124
761 2087
1303 2439
1539 1834
245 972
1301 1775
210 1777
714 1841
654 2493
1166 2171
1908 2304
1602 2176
811 1657
1547 2390
497 2628
1011 2547
451 541
1914 2304
1734 2020
287 1298
902 2363
1034 2382
358 405
745 1568
1163 2407
828 1297
1294 1793
2033 2473
910 2447
693 865
1298 2689
1825 1988
1457 2066
1017 1911
1402 1673
224 256
977 1034
489 1617
2031 2644
1673 2339
1794 2138
118 490
592 2532
383 1445
783 1270
1524 1869
1382 1393
859 2414
2103 2615
224 2163
1519 2597
1123 1793
275 1953
413 1380
1377 1895
176 1160
232 1248
126 2312
127 312
1558 1564
104 2484
641 2409
1052 2399
879 2479
1688 2481
121 451
566 2095
531 1431
430 1890
623 1100
357 451
1134 1622
1676 2278
27 643
2224 2440
1364 1844
106 2269
865 1947
1746 1912
661 1727
22 2580
1703 2277
473 1958
199 428
570 1099
1860 2005
1547 2540
1058 2163
468 779
1968 2073
1535 1908
503 873
1444 2472
2192 2464
2194 2274
2129 2395
348 611
218 2188
1497 1570
605 686
77 327
1512 1591
680 1729
743 1578
603 1959
891 958
1159 2397
1402 2119
267 2521
138 445
203 1283
1585 2126
1102 1454
1523 2310
178 2540
101 2421
924 2647
181 1557
3 412
755 1601
1234 2672
1981 2014
1925 2468
90 1295
1027 2705
369 2413
1571 1729
1246 2575
1280 1688
1725 2115
1500 1913
681 1332
693 2434
1289 2672
858 1341
661 1211
414 993
596 1794
693 2561
20 929
917 2133
1382 2086
526 575
248 2570
1217 2221
2184 2406
123 913
1226 1693
1073 1546
2259 2380
813 1340
258 1420
941 2209
1868 2678
1148 2414
173 1926
1499 1741
2416 2606
210 2655
465 1357
514 2175
470 1234
747 1124
344 499
478 538
296 1016
832 2672
1903 2039
1116 1366
306 2180
1515 2050
1808 1955
1412 1718
607 2007
402 2376
1829 2020
1047 1532
1205 2448
2049 2587
265 2398
249 2138
400 952
271 2274
513 1102
2070 2631
1835 1843
1872 2689
1460 1972
826 1391
747 1520
6 1994
1303 1724
506 2379
174 769
526 2680
1796 2165
1377 1839
837 992
2035 2596
179 1474
243 1995
1074 1493
739 802
225 955
729 1540
1259 2030
407 1912
1061 2683
1219 1546
672 1774
1241 1546
1601 2592
101 856
216 2249
540 1065
1420 1993
1064 1720
853 2637
292 1879
1821 2674
5 2188
893 1138
152 1197
1714 1742
69 416
22 2691
332 1971
144 1190
76 2000
1705 1731
587 670
232 858
852 2099
209 1822
1306 2614
1143 1168
2084 2487
680 1217
1330 1914
1638 1955
865 2126
363 1070
627 1937
1791 1890
667 2662
1274 2537
819 2096
2411 2422
155 1617
2154 2704
782 2358
1811 1902
1536 2634
162 1249
1742 1836
1860 1935
1609 1812
12 2216
641 1458
1917 1952
132 1192
1586 2425
419 2576
1001 1895
2483 2576
1295 2102
923 2281
1028 2540
388 1755
456 1147
66 2493
469 782
1119 1232
49 880
1251 2279
595 1568
1573 1822
1454 1618
7 781
371 2376
169 934
338 1088
2012 2680
1300 2179
322 1642
1005 1798
18 807
199 2417
1046 2566
2096 2327
2370 2476
103 1477
1066 2202
1168 1707
670 1471
1123 2560
972 2199
2174 2576
885 2566
1410 2432
464 1509
1300 2146
202 1979
357 2365
280 538
775 2451
203 2467
2066 2252
1349 1948
1044 2581
1042 1091
514 1800
483 1418
375 852
386 732
94 1366
1077 2162
1632 2472
1668 1932
1983 2251
1938 2652
54 55
2413 2490
228 2192
316 2209
1654 2046
789 1664
991 1191
687 2355
580 2009
1649 1779
102 1615
572 1661
42 1900
101 711
79 976
883 1868
1076 1111
156 263
663 2078
787 2424
202 2075
109 281
105 637
702 1725
96 1582
105 1978
1032 2521
574 2697
1366 2694
396 882
754 1840
493 2314
382 1830
84 2230
1759 1971
1890 2141
800 1268
833 2157
1842 2225
247 452
1098 1127
258 441
1772 2604
393 984
1045 2016
1594 1974
142 297
426 1463
1005 1053
373 1013
239 1780
554 1584
419 2319
98 1791
1280 1456
139 1774
799 884
1754 2352
418 541
1435 1565
1886 2306
564 816
1511 2484
208 728
2499 2697
1527 2362
244 1252
1030 2078
1176 1342
771 2082
503 2451
362 1475
2167 2423
2138 2165
1178 1797
1647 2284
657 983
118 2192
29 396
1096 1390
445 1867
1674 1807
252 1220
28 2378
221 1154
210 2547
415 2695
636 2293
1489 2577
239 2540
1065 2545
1053 1641
608 1212
431 1114
704 1976
1530 1938
281 1301
498 2243
1093 2420
706 880
305 1667
1231 1738
739 840
935 2575
899 2354
509 1986
1345 1446
247 2136
249 477
1225 2198
304 1006
30 2643
855 2076
1601 2642
761 2637
272 1386
7 1588
419 2646
175 2329
2431 2507
132 1144
70 913
1090 2335
203 542
209 2389
1217 1315
770 2440
58 601
796 914
456 2275
383 2409
1573 1780
89 1642
2024 2703
2084 2681
724 2222
607 2521
1431 2086
423 1792
131 1266
100 1274
475 809
1572 2449
746 1330
1282 2073
937 2066
594 614
709 1987
91 1298
873 1652
1164 1423
546 2658
1285 1826
545 2487
889 1390
22 1575
1128 1625
363 1579
259 2496
240 346
320 1284
304 1426
1173 2381
169 1693
482 774
420 2167
1025 1276
920 1478
271 642
234 1085
224 2044
1656 2085
707 892
857 1993
33 310
1609 1960
2212 2320
222 1486
319 2060
332 1139
466 1974
1342 1389
327 933
299 1960
1363 1418
218 1954
828 1062
602 1482
2148 2326
39 1749
1059 2615
1783 2196
743 1189
2405 2600
1432 1858
496 1569
700 1220
176 1234
263 396
88 1684
884 2380
326 2039
1455 1629
1744 2453
219 1966
1372 2218
130 1656
598 898
902 1443
1446 2682
742 2285
680 1554
1103 1917
512 1972
2467 2708
846 1866
213 1559
1940 2286
482 1427
1099 2501
640 1944
25 44
1148 2049
348 1878
1514 2081
2412 2423
965 2392
917 1372
400 1645
105 2345
815 2280
298 338
553 2606
421 439
391 1636
77 904
164 2326
1280 2095
1200 1991
1305 2223
1462 2329
729 1576
1800 2354
262 2130
697 2412
395 633
403 1463
2 1873
506 1197
991 1635
1064 1763
1063 2658
609 771
1767 2052
1323 1486
898 1042
2430 2674
291 1843
49 1295
436 1955
865 2606
1934 2014
1339 2625
1116 1541
208 1288
1094 1851
788 2319
389 2022
2425 2522
1838 1992
431 2477
61 2381
1953 2253
569 2344
586 2580
2082 2655
858 2187
226 800
492 2040
178 617
767 2593
419 1398
888 1918
695 873
561 1088
490 2345
855 1537
2291 2463
368 860
1779 2662
1462 2163
1055 1647
820 1849
1087 1846
968 2244
1596 2249
1773 2564
1706 1809
1019 1407
1738 1795
1650 2196
350 2618
391 1680
452 2201
150 1863
1827 1893
102 2355
1021 1458
1088 1155
2336 2338
947 1382
916 2331
288 891
302 629
462 832
181 1453
1162 1983
65 676
450 818
737 1656
110 832
1495 1833
907 911
1244 2675
343 2033
264 1606
1299 1519
832 1519
702 1700
991 2025
116 673
484 639
932 1159
955 2040
1170 2467
477 1096
112 1086
606 1253
306 2235
75 1363
1451 1707
509 1292
347 881
437 1153
1180 1271
264 2474
568 1175
713 911
1393 1963
543 2591
836 2229
696 1986
1530 1970
1317 1448
1899 2322
1888 2057
639 2091
258 2676
174 687
613 1584
470 2185
497 2642
495 1192
1048 2620
75 1971
14 2475
964 2018
959 2341
2067 2129
510 696
1979 2477
1772 2533
230 355
500 1434
1461 2292
1540 2449
66 1121
1946 2261
395 1814
2313 2329
501 867
1280 2148
1578 1719
531 1263
1540 2360
824 2473
1905 2431
163 488
106 781
376 1757
665 762
1261 2442
452 2476
2084 2141
1780 2224
1672 2512
2532 2639
260 2568
319 2321
78 670
506 2304
187 2689
1460 2605
1213 2670
363 390
211 1888
378 1761
2405 2704
1442 2177
812 1701
1512 2567
47 669
597 868
1119 1987
1076 2234
632 1967
255 1412
655 856
2319 2447
1636 2000
25 658
1088 2484
1271 1713
524 1624
781 2560
376 617
764 1445
559 798
249 885
1216 1812
569 2607
1753 2261
553 1006
1692 2475
791 1782
66 231
1444 2104
1221 1629
163 1802
835 993
920 1196
1194 1726
1544 2617
12 987
833 1822
207 2261
30 1987
115 1230
2259 2679
238 1325
247 2012
254 584
353 984
2241 2604
1230 2412
1726 2335
1101 1592
100 1344
23 932
695 1441
264 2455
356 2340
1058 2517
191 738
821 1976
382 874
19 478
207 2280
184 2089
849 1719
428 2445
222 2440
140 2281
1209 1229
1597 2514
1134 1951
54 2593
878 2375
92 787
1409 2330
928 1554
825 1102
1611 2175
1175 1987
741 2322
1095 1494
1163 1620
616 2048
834 1576
101 2506
1057 1739
432 946
1004 2238
1487 1551
411 2266
92 851
695 1454
92 485
1935 2356
756 2271
21 1564
4 720
1671 2544
569 1491
480 527
165 2008
277 420
1024 1426
106 1527
350 1328
437 1712
211 331
262 884
1146 1365
1101 1225
1298 2007
293 2075
871 1211
246 384
874 1733
1115 2235
339 1224
1182 1722
1568 2308
649 766
938 2608
877 2152
2165 2271
572 1713
594 794
764 2206
729 1953
205 2455
2234 2422
910 2468
1193 1579
523 1691
9 1770
1876 1913
490 1256
440 2395
1867 2117
1560 2076
2352 2588
728 1431
422 1877
1024 1151
1147 1241
444 1960
765 827
317 1868
211 2204
2480 2484
1370 1810
98 1353
1648 2060
1908 2391
486 1900
439 767
326 1694
633 1408
257 580
25 1327
130 1774
69 1851
347 617
386 2576
1711 2548
2078 2239
145 2646
1572 2549
1096 2171
162 1846
1144 2081
1429 2406
497 2060
715 2174
86 1530
186 2181
898 1972
779 2577
248 1018
83 2623
1588 2031
114 127
1173 1590
2207 2215
437 2050
267 328
821 2375
1848 2432
451 752
1073 1210
467 2487
141 1061
191 1165
1429 2196
649 1852
898 1888
1728 1756
690 2377
1238 1659
127 944
1917 2443
423 1847
376 2199
768 2315
841 1618
733 1210
1403 1408
675 1827
2187 2679
90 992
717 1242
795 1136
689 723
351 1386
677 1212
1283 1384
1196 2486
426 1119
2141 2552
1329 2367
312 859
2 688
370 804
1369 2704
274 730
112 2002
1139 2517
2552 2559
1379 2062
89 2477
253 2374
1793 2510
116 307
387 691
1091 1899
1554 1722
766 1832
554 1478
388 1172
1067 2661
1371 2393
602 2285
285 928
2034 2549
958 1332
119 188
455 651
175 1165
304 1395
36 300
1688 2128
1546 1598
1118 1651
225 1262
730 1899
811 1198
670 2272
594 2219
33 1348
1466 2252
1663 2688
32 563
141 1099
2221 2251
1488 1549
1009 2624
6 2278
657 1649
914 1860
656 1032
2297 2409
1768 1906
164 1801
902 2052
1156 2659
466 2526
2208 2707
1196 2183
510 2201
422 1722
2315 2690
2333 2413
1082 2037
77 1786
644 905
1336 1861
758 1300
1487 1860
401 1666
1570 1826
417 1954
1550 2672
413 2202
1173 1541
1966 2425
955 1750
383 536
624 2540
2072 2374
66 1932
827 2067
286 2194
300 2499
1276 2020
630 2134
447 1735
696 1002
916 1533
2109 2231
751 1985
397 969
1565 2391
1464 2056
1742 2551
1735 1936
125 2546
1470 2511
1155 2422
741 822
1000 1696
903 1574
2054 2293
45 1758
375 2342
814 1292
614 1515
1171 1707
106 1263
617 2060
2035 2142
309 2691
142 770
49 1144
830 1098
1090 1187
1019 1796
748 2335
1660 1933
2182 2408
1454 1492
1336 1764
2177 2455
1423 1531
36 2454
2426 2522
685 2023
1662 2280
1356 1813
1558 2178
1719 1739
396 2197
789 1831
1261 1913
649 1435
580 2348
580 2352
8 1146
1147 1190
889 1734
765 2236
978 1138
1846 2439
416 2167
92 1191
2245 2360
442 739
2006 2503
1923 2003
205 604
98 1451
878 2170
642 1780
144 1652
1615 2178
1680 2689
1120 1879
451 1393
1194 2459
307 2279
2096 2549
641 1856
621 2291
142 544
1230 2161
741 2231
261 512
301 2607
1017 1027
1273 1873
45 1028
569 1113
19 1746
1367 1610
24 256
832 2317
268 2511
420 1885
771 1488
254 314
312 482
237 1607
1797 2217
2036 2114
1252 2354
1393 2487
382 619
965 2090
2245 2635
2330 2624
830 873
158 1974
651 957
627 1290
4 660
2214 2331
1326 1667
1084 1995
2003 2240
977 1527
1095 2304
794 1743
1082 2303
1379 2547
214 1472
344 1706
454 1958
1718 2356
2457 2467
31 1797
2308 2413
1287 1360
941 2671
226 1885
597 1127
1642 1948
215 1983
1030 2256
164 1263
601 1231
1311 2380
623 2132
198 1608
42 1347
536 696
569 2139
252 1786
616 825
1130 1222
812 2673
2033 2304
1991 2029
1915 2443
2451 2545
660 1348
276 1641
226 2168
1099 2070
717 2486
385 1988
921 2256
600 1840
1295 1735
741 1515
1871 2185
114 281
898 2068
2497 2667
339 2250
677 2572
2561 2683
984 1258
1645 2255
1268 1372
15 1669
1009 1186
101 1832
805 2229
1469 2639
489 2119
745 2124
2112 2625
699 1666
2038 2508
1260 1291
1254 2270
643 978
132 421
697 1147
2188 2397
243 689
112 1287
646 1024
127 1039
1519 2572
713 2299
1372 1563
1457 2227
426 2434
821 2053
2031 2314
93 375
334 1473
925 2427
564 628
438 884
323 396
1457 2141
228 1797
1110 2255
334 1832
1844 2266
1645 1932
2003 2145
1812 2561
394 2059
2400 2545
20 1879
537 1454
1099 1151
1125 2297
136 1545
1470 2431
601 1633
1983 2127
2442 2639
160 603
774 864
298 1494
1967 2117
733 1810
2078 2491
33 1849
1517 1629
968 2377
1139 2410
478 1514
13 634
1103 1262
1052 2192
622 1345
435 449
673 2283
2220 2455
2034 2705
29 732
171 1517
579 2163
1376 1514
1492 1980
210 851
240 1008
826 1563
897 1242
2114 2651
1584 2496
2202 2637
884 2464
885 1863
2361 2651
643 1117
874 1012
1689 2647
1283 1856
27 2488
1156 1235
2112 2391
570 1177
14 1338
1935 2043
19 1927
4 1282
715 1015
1782 2148
1268 2041
175 746
135 1066
735 1762
148 1209
1166 2115
1903 2277
951 2168
256 2255
199 1393
414 1300
418 2174
4 2491
405 1706
1672 2156
81 1484
1895 2001
1162 2111
971 1214
830 1425
321 1077
661 1919
69 2647
148 2278
411 1843
853 1319
906 1448
1611 1980
2041 2052
222 688
97 971
1195 2140
543 1314
34 1570
963 1438
267 2651
1971 2326
1066 2056
161 749
665 1723
758 1361
830 1366
1490 1918
897 1247
671 2153
481 1376
1216 2624
1344 2514
357 771
9 1035
106 180
330 1777
1326 1406
1119 2134
1749 2348
2466 2542
276 2233
1249 2572
547 2258
2008 2220
815 1066
905 1714
1003 1114
1482 2403
355 1810
1423 2341
1222 1730
1276 2556
142 1905
640 1641
748 2188
291 1230
2207 2594
778 800
42 1041
1163 1185
426 1429
173 1163
660 799
2407 2484
968 1942
219 258
844 2000
1173 2486
748 987
438 2078
818 2694
32 1269
878 2209
685 2469
245 1065
463 1804
137 1862
964 1155
819 1336
978 2132
1336 2202
1133 2569
346 2430
1227 1689
401 672
1855 2493
576 2017
382 2102
696 1687
201 837
109 1749
1038 1427
748 2255
352 493
544 1553
1168 1522
48 1376
194 1365
551 702
1 1785
79 2201
841 863
1722 1907
187 1220
486 1870
1062 2322
330 2123
50 1008
1126 1698
555 587
68 1503
509 1780
1053 1189
1313 2477
769 1894
664 830
10 913
495 903
320 1862
239 532
462 639
1335 1529
586 972
1731 2480
867 1556
209 1996
110 243
468 1566
813 1533
702 1585
1061 1180
1322 1996
323 1773
946 1932
787 1232
1577 2672
1838 2596
1723 2587
1138 2087
759 2597
400 2168
660 2542
2026 2293
1271 2531
1125 1570
1592 2538
923 1007
269 2558
1884 2115
1073 1201
71 962
221 1244
192 2156
909 1131
134 1281
643 1642
1203 2442
2180 2570
378 2282
645 1876
601 1688
1822 2225
847 962
1449 2446
1048 1924
423 1820
394 2058
1600 1767
1106 1324
1079 1089
1302 1577
1278 1838
925 1768
425 1658
74 2677
773 2036
1284 2598
640 959
224 1363
780 2330
1705 1855
415 467
274 1858
846 984
1050 1168
460 930
1353 1868
54 1607
1289 2225
1443 2707
470 1401
763 2386
2294 2587
992 1898
750 2022
808 1065
1222 2088
929 2032
351 2177
385 2707
1480 2487
81 2226
1688 1862
655 1564
454 2270
647 1132
592 2450
1514 1975
187 1068
1335 2433
1666 2678
1877 2552
475 2706
1255 2468
777 1548
728 2531
470 1233
2032 2409
1130 1955
1674 2410
1339 1656
713 2140
406 801
1821 2287
746 1271
254 2334
189 408
274 2169
527 578
818 1879
1023 2644
635 2576
480 603
69 2087
95 2273
1005 1923
1770 2500
1964 2505
498 1809
1912 2209
97 1059
1024 1692
1427 1693
1773 2696
58 1693
126 1664
527 1762
105 2655
1674 2550
1753 2025
155 2548
1399 1496
1655 2087
122 203
1435 2427
389 1462
1212 2270
66 526
1621 1927
1427 1456
595 1139
836 2067
892 978
132 566
2067 2525
1013 1205
1005 1573
1335 1889
1095 1612
1740 2480
1441 2678
532 1361
221 1563
649 2326
544 1033
2037 2324
1361 2697
20 1193
600 1922
2407 2549
389 720
1723 2187
539 734
933 2277
1586 2285
1523 1796
1361 2597
439 1582
1435 2295
222 1440
2123 2178
951 1130
2298 2530
274 1911
121 987
772 1945
289 1163
664 1260
1900 2319
619 663
460 1123
935 2234
119 1102
993 1866
1337 2124
1581 2695
739 1965
925 1801
869 1126
2409 2655
1340 1559
553 1346
585 1796
1986 2180
260 1637
1340 2011
351 1431
749 2570
968 1325
2286 2684
692 1378
201 1906
629 2453
439 776
489 526
817 1666
1150 1330
1660 2381
137 678
162 469
1062 2161
1094 2552
339 897
330 1954
135 1849
749 888
150 2044
911 1964
54 2594
170 1373
1633 2235
604 738
556 2374
127 370
408 930
1819 2673
1156 2017
1155 1904
249 2238
662 1625
715 2271
1465 1694
890 2667
1088 2338
2023 2082
495 617
815 1531
1211 2152
5 2204
103 1793
2456 2659
601 1497
1640 2076
488 778
1030 2561
1299 2205
1780 2608
27 2000
1432 2639
125 2342
519 2256
51 1911
1724 2268
165 1868
1318 2501
449 1598
409 2041
1166 2509
1864 2615
877 2636
58 901
406 1295
2256 2288
600 2506
127 563
474 2695
2480 2566
811 1620
1274 2681
1698 2617
1958 2315
1012 1452
118 947
1638 2599
1124 1464
474 1241
1285 1849
1346 2275
54 1290
100 332
1020 1894
585 2170
1728 1754
814 1867
199 1780
462 2474
1440 1826
313 2352
1229 2696
2115 2597
1661 2346
1004 2636
823 1107
596 2086
872 2367
1503 1991
1713 2013
11 2184
981 1302
2575 2601
1064 1906
146 1767
795 2522
2076 2111
724 1040
641 2100
1196 2039
1196 1739
1594 2509
759 2227
1225 2144
421 2250
86 495
1629 2517
206 856
2644 2684
209 1408
659 1776
387 2577
1268 1823
1279 1645
424 2559
1600 2667
868 971
175 2210
853 1832
191 2335
21 2207
187 976
245 2253
1092 2298
174 2596
820 1319
1095 1232
1969 2386
641 1933
920 1797
1082 1533
1126 1151
1550 2370
167 1564
31 2130
225 2220
399 1685
773 2502
1263 1731
396 501
46 1513
167 1401
467 476
96 726
802 1602
2311 2635
1423 2179
807 1232
1297 1362
1091 1703
1643 2589
721 800
2163 2296
436 1550
553 2682
296 816
133 322
458 1163
430 1895
1106 2344
1081 1697
1153 1171
2035 2199
1612 2168
968 2507
348 934
943 2454
208 499
1529 1649
614 2185
825 2202
1223 1844
644 2565
1068 2339
2080 2586
412 540
176 1492
1434 2487
94 1528
2079 2342
1088 1444
846 1500
1177 2570
69 1422
2103 2469
315 987
2395 2554
1782 2211
18 265
833 1862
752 2365
498 1065
462 1432
1701 2093
603 2620
2297 2593
107 2347
1104 2074
1711 2043
589 1527
403 2455
399 2357
386 444
2255 2589
84 518
276 1098
510 2262
408 2001
2047 2228
911 2205
446 1578
830 1697
2488 2564
2331 2372
802 1688
1463 2153
326 1469
344 2434
640 2526
2012 2408
1430 1841
542 1199
1705 2238
1626 1882
267 775
1439 1465
1619 1758
481 493
1524 2506
2383 2575
1372 1694
885 893
378 761
383 2228
824 860
1375 1691
415 942
1220 2427
720 2080
1230 1729
561 1791
1853 1905
64 2381
1945 2434
245 1717
369 682
934 1968
1895 2405
1604 2003
582 1849
313 769
1255 2320
1253 2007
108 2516
494 1789
19 874
304 553
2407 2671
108 606
213 2134
759 2079
31 1952
1341 2272
233 2489
369 2552
1168 2013
1201 2411
1306 2394
774 1494
2407 2488
1625 1935
996 2542
739 867
43 984
1009 2491
768 1914
65 844
1622 2646
33 1599
730 1750
1069 2171
1378 2348
2571 2705
1134 1503
118 883
1541 2072
123 970
1420 2199
1566 2017
616 1496
687 2439
921 1395
272 2643
1412 2343
235 2606
1125 1248
863 1561
31 2257
571 2326
1089 2644
1180 1262
31 1653
2011 2201
891 1940
2127 2660
402 867
160 1344
56 2549
1131 1439
1424 2494
458 968
510 2393
2321 2601
2376 2392
1142 2384
1611 2683
1047 2119
150 1570
1004 2432
1378 1417
894 1836
53 99
1348 2407
721 2408
454 1337
1127 1357
1481 2172
351 1460
1298 1560
492 1929
431 495
256 506
110 232
1802 2473
620 2363
389 1565
2361 2551
412 2542
546 918
280 1742
421 960
776 1535
1220 2232
1130 2338
93 1008
78 494
603 1041
423 655
122 2487
483 1967
1919 2505
33 1583
373 430
969 2619
2474 2616
1310 2414
1214 1927
835 2473
1200 1524
120 1048
1002 1024
135 766
445 2221
966 1827
2581 2693
506 684
1079 2146
315 2395
484 930
2061 2365
829 918
467 2549
997 2314
496 1951
1013 2373
1269 2036
1003 2680
329 2407
1255 1920
667 927
327 2526
337 913
1276 1286
2197 2531
476 1917
1603 2253
600 2659
292 404
1810 2425
582 1940
1084 2024
1024 1733
284 1390
2251 2631
467 1852
2291 2442
414 2403
37 64
180 1467
1038 1995
917 1674
157 2013
598 1258
853 2556
58 875
416 1209
1748 1955
1476 2301
2247 2627
2169 2561
475 1091
1754 2459
1091 1531
200 2455
81 1561
115 1586
891 2562
1298 2567
469 1976
229 1194
944 1080
230 2567
425 2031
295 1860
1829 1873
1905 2167
336 2472
67 1231
499 1622
329 1980
478 1227
1490 1868
143 578
566 1902
891 2227
148 2080
740 1183
394 1210
1548 2408
55 1889
1743 2564
1207 1528
400 1621
587 774
758 1214
1140 1247
2049 2198
1139 2497
66 163
1863 1912
124 2234
907 970
1742 2318
2160 2246
897 1441
2272 2682
322 489
1134 2357
97 2442
627 2185
4 2230
291 769
1058 1824
1495 2380
1311 2356
1559 2667
1811 2305
1007 1155
771 1870
1082 1937
1858 2509
657 1410
174 2462
982 2278
63 2407
502 2426
205 2452
1529 2092
1047 1548
667 1406
203 2148
1290 1686
680 2452
260 630
449 2062
596 1788
464 2267
310 1379
2425 2630
1370 1676
533 1281
522 2418
1295 2539
616 836
207 2022
382 2475
2325 2490
804 2303
2200 2696
1632 2151
388 2140
1059 1722
1506 2497
469 1166
77 892
1168 1825
521 1737
1857 2706
150 2578
1178 1812
932 2586
1278 1648
730 2393
1728 2705
457 842
458 1830
109 1795
1794 2521
490 1547
1748 2411
346 1047
939 1796
543 1584
500 2490
1066 1936
1013 2374
411 1229
670 2229
1001 2696
876 1907
97 642
331 847
1394 1420
602 2200
1499 1836
2222 2694
499 1872
1338 2040
313 838
1846 2631
1364 2687
1586 2133
822 2246
422 589
2271 2657
741 2062
744 1343
961 2177
2085 2455
811 2138
91 1763
20 2569
23 908
917 2538
1364 2463
288 2441
804 1868
798 1268
245 1402
230 2599
2050 2234
1445 1535
1204 2348
740 1515
416 763
277 875
1609 1654
851 2339
696 2506
1673 2288
1469 2468
399 1516
631 1060
420 1017
1270 2515
402 1436
527 1058
993 2334
306 577
1242 1281
681 1349
532 2198
1598 1919
1895 2215
500 2249
1352 2441
1246 2463
1667 2458
320 2125
212 1479
1139 2649
594 729
371 2291
1710 2022
440 2152
1081 2445
796 860
184 685
451 1044
907 2258
12 1165
978 2637
255 2249
619 1204
1421 2664
2168 2250
435 2417
1638 2252
95 315
1697 2050
1603 1673
189 1305
41 228
1645 2609
1656 2373
47 759
345 806
669 1659
882 1082
640 2070
620 2475
912 2349
1577 2210
96 2217
1235 1891
945 1026
2182 2352
1068 2030
869 2527
327 2253
274 862
1064 1397
400 1439
137 1126
267 1750
1519 2411
892 1355
538 588
2217 2333
893 1469
1263 2098
910 1686
152 1424
594 1030
514 1373
731 2599
1513 2187
1899 2458
860 2279
1051 2537
1031 1610
1112 1588
472 2440
1253 2208
1344 1523
480 1590
2257 2314
1964 2655
1637 1945
459 2079
1062 1300
101 1015
600 2255
1580 2605
107 2526
832 2333
188 2575
271 2089
17 1972
511 2515
910 2676
1876 2438
399 2596
421 2313
2002 2324
1131 1375
1599 2301
300 1787
734 1602
1390 1491
103 1347
49 1487
719 849
990 2417
1274 1512
717 1836
2306 2655
624 2473
1304 2242
1979 2352
1301 2104
198 202
291 1698
1379 2165
999 1308
1763 2095
258 2347
371 464
1954 2404
2647 2655
1527 2454
1684 2377
1881 2224
13 1597
1599 2514
2196 2204
518 1925
636 1226
692 707
823 1444
202 2223
1359 1920
221 2619
1056 1763
393 1146
116 841
671 905
2073 2547
498 1586
449 709
1654 2102
395 2623
279 2550
228 1623
970 1266
1452 2349
1092 1258
133 730
946 1110
369 2066
2184 2468
991 1653
946 2119
1677 2326
485 1639
689 1023
2142 2689
52 379
1848 2348
175 813
88 697
855 1283
670 2566
508 1729
825 2332
1442 1607
1634 1836
794 2084
613 1479
171 412
168 1313
1016 2184
302 634
2007 2463
799 1335
946 1889
1940 2011
514 2139
670 920
544 2420
694 2473
737 999
1154 1179
