1042 2840
1377 2639
493 2479
2056 2557
161 2699
400 574
970 1051
1423 1987
161 569
1462 2375
277 802
923 1161
14 1585
199 1435
455 2184
407 866
708 2575
91 1101
273 1273
14 219
991 1379
999 2531
485 2182
338 3010
417 2925
503 1087
229 1402
1721 2004
412 681
921 2362
116 371
864 1680
1392 2149
577 859
744 1600
2161 3170
930 2546
918 2006
1006 3186
1978 3009
736 1847
100 636
1151 2722
710 841
39 207
189 1361
277 1967
685 888
1392 2784
636 1978
532 1197
1365 1721
478 1735
285 2587
1081 1112
909 3043
255 287
1773 1859
1140 1141
475 2700
316 1338
41 634
590 2078
1072 1506
456 2329
293 2659
463 958
474 580
725 1854
110 926
404 1384
1354 2279
329 505
2010 3104
521 1058
708 2024
2028 2119
253 618
1140 2395
969 1276
273 1986
848 3188
1204 2447
195 3108
1166 1735
227 1758
6 1881
92 747
2074 2840
46 1081
178 1748
241 935
530 841
836 1268
1581 3304
131 1124
969 1977
79 2048
394 772
897 1620
1003 2345
528 2078
175 2110
642 949
469 497
1149 1957
1299 1647
902 1118
295 936
293 810
233 2464
23 787
493 1271
1130 2534
128 645
1064 1891
485 1770
153 961
772 1754
836 1643
508 1728
1135 2457
645 672
434 537
1196 1718
135 2828
9 991
52 1746
242 1897
1032 1480
1658 2652
705 1794
45 912
1874 3104
1404 1874
110 2338
1868 2132
590 2294
719 1418
2560 2779
1363 1939
569 1166
795 2338
497 843
864 956
945 2104
439 925
1076 3086
1647 1743
33 3175
512 1872
765 1958
305 390
1748 2329
161 2211
34 2700
478 1219
1221 1659
673 2135
104 2027
1008 1173
861 1348
1445 2372
820 2461
308 2400
1894 2388
70 239
160 296
166 1821
142 1181
3086 3118
2423 2430
1249 1752
886 1721
31 1040
192 1265
750 919
964 3253
50 274
682 887
646 1832
1072 1935
248 781
756 1355
101 1649
725 749
489 2647
78 3026
454 2420
65 950
694 1844
345 643
135 307
724 1735
608 1610
414 2670
157 286
147 533
625 1953
719 2435
264 2383
271 810
80 2019
613 2461
228 366
840 1859
183 2293
198 473
1253 2340
2133 2319
232 655
758 2059
1585 2409
1775 2779
11 966
566 584
446 539
401 504
382 764
1506 3218
34 1220
1243 1407
87 454
120 203
636 2962
1891 2435
971 1543
132 1150
104 2140
1039 1553
355 1063
2003 3124
651 864
215 1821
1266 2962
321 1007
99 1047
1016 1384
1740 2864
677 868
136 345
498 1897
541 2551
1455 2341
110 1490
241 2572
543 1724
177 877
930 2059
1285 1499
339 2081
655 1584
163 473
569 2577
197 3229
1950 1957
2443 3186
419 1676
1408 3292
448 1643
1871 2050
219 1414
99 1254
404 2027
1322 1943
1662 1996
815 2093
635 2725
875 1980
887 2864
1939 2060
168 710
1977 2791
257 1896
1011 1599
515 1889
1891 2019
617 1899
1417 2834
51 425
2276 2395
1013 1650
141 725
225 1015
627 1573
391 2774
161 2828
854 1900
1353 2827
220 2042
1349 2793
1108 1986
27 2515
656 2082
566 637
1941 3267
606 938
1689 1864
616 2049
220 1735
272 487
174 1767
235 916
451 798
1145 3259
923 1065
2857 3006
241 809
145 408
581 945
879 1578
584 1850
1442 2352
124 1128
157 1480
1250 2222
1015 1385
248 1475
181 239
445 1155
622 767
113 1719
1282 2920
338 2151
1718 1734
1240 2560
200 1943
1673 2058
1490 2011
1169 1881
243 2401
422 2795
1778 2984
1531 1864
1072 1328
1588 1981
31 2072
1136 1177
193 569
2276 2430
869 1923
677 767
1736 3306
545 758
901 1291
766 2775
1775 1859
18 2483
273 1435
887 1038
128 3157
198 3016
86 905
38 1587
842 1706
57 902
450 521
1623 2132
857 1748
257 1001
1236 2679
922 2113
9 234
966 2035
663 2779
2007 2844
1407 2594
443 754
2245 2679
1128 1141
1041 1781
669 2002
379 1982
1995 3029
496 1887
291 2100
105 241
1495 1849
1010 2467
1680 2098
132 1592
944 1406
1030 1620
1173 1251
788 1673
1432 2700
1008 1040
767 2704
1295 2581
23 349
796 1522
166 1546
757 3043
679 1604
1581 2419
485 1481
857 3166
2487 3108
642 1829
1501 1849
448 1925
656 2640
559 1852
953 2466
316 1300
767 3042
135 646
403 1615
420 1794
42 635
17 292
400 2194
1060 1794
89 1777
2712 3116
1457 1699
611 1038
43 3026
1285 1793
997 1227
1204 2129
136 2162
359 523
687 1881
1610 2211
103 1321
2317 2931
990 2085
798 2407
2534 2704
218 1496
408 3229
431 792
567 1404
345 645
259 3206
26 1805
479 1475
1707 3236
1334 1986
1817 2553
1232 2466
538 1372
107 953
505 756
1901 2581
157 1700
103 424
2464 2858
349 1664
1887 2928
51 1038
1608 1882
506 2169
766 1961
1302 1721
273 690
1418 1843
483 1140
202 1360
788 1274
1007 1669
249 1815
461 1715
244 1807
94 1795
209 2792
39 1158
13 861
193 579
281 808
265 457
122 474
368 551
221 280
1746 1815
1607 1736
94 1790
1135 1896
103 1277
1461 2112
293 1852
367 676
31 151
1103 2173
2388 3104
485 1875
616 1204
572 1133
305 693
1140 1966
1135 2211
234 1044
723 1303
1669 3229
45 1889
807 1370
2222 2592
1084 2861
252 1823
121 406
132 2983
2428 2540
152 684
728 757
270 460
802 855
1773 2722
319 2362
219 1340
37 256
715 2060
426 670
411 1715
594 3049
66 2186
465 853
260 1840
1 443
667 2697
223 481
415 1263
58 1001
319 2133
404 1361
982 2442
561 1353
840 2194
655 2587
82 411
755 3275
149 1341
717 1116
94 1058
1899 2135
674 1357
58 1176
1625 1663
479 567
1795 1890
626 1169
1246 2006
385 692
524 792
255 1393
196 1038
474 1858
548 635
151 287
1204 1737
1872 2009
1372 2647
433 2003
1395 3175
306 712
573 2739
724 1519
853 1260
507 2840
439 647
861 1462
413 2060
1996 2383
516 1732
1110 1619
1009 1410
169 1044
1022 1703
1084 1099
263 866
703 922
1124 2168
716 1635
315 577
46 839
41 1452
77 869
396 2010
946 1169
715 1270
1629 1655
1712 3081
374 651
648 1797
952 2766
504 2600
826 1093
205 2551
185 2438
262 1182
790 1918
439 3156
197 988
894 1433
172 2059
1019 2113
1600 2053
175 1726
1322 3094
870 1490
700 2279
854 1888
439 742
1260 1298
103 514
1110 1578
1454 2420
2540 3131
1097 3013
772 1248
470 1328
597 2380
404 1854
171 1408
1753 1891
893 2125
630 2962
24 1022
142 3269
1334 2130
79 2000
1846 2448
1020 1982
2581 2740
66 1047
371 2731
559 1699
398 759
501 2208
340 1309
33 1703
115 2658
1759 2950
1706 1881
337 2515
1520 2006
1488 1875
258 1327
805 875
688 1266
251 657
136 2372
41 1941
374 2800
1015 2456
1623 1981
236 514
737 2051
2397 2931
280 1107
340 1348
93 1554
783 1177
1153 1759
859 1662
1200 1661
83 2861
312 1152
970 2317
418 810
2051 2931
1696 1873
95 1843
84 1344
104 1703
517 1248
562 1832
678 1288
301 365
577 1040
787 2093
2105 2442
704 1951
1949 2125
1277 1888
701 1896
1064 1491
2048 2466
163 1051
1326 1605
431 498
738 1753
1704 1940
737 1619
665 1121
592 1632
3014 3159
1028 2721
1236 1372
493 634
1599 1952
491 2081
110 1790
1495 1995
804 1658
878 2540
437 1904
567 969
1150 1550
2491 2515
10 339
403 787
1726 3254
296 893
849 1000
31 1880
3125 3306
347 1778
939 2962
555 2793
1759 2659
648 2098
1515 2652
760 2300
449 1342
985 2655
280 924
79 2075
335 1879
11 439
1716 2668
371 3206
774 1812
200 1998
1370 3026
1030 2291
1763 1997
994 1965
89 3287
311 3118
388 1722
149 279
1274 2546
241 984
24 968
428 2012
832 2352
1115 1493
285 2380
746 803
276 432
83 1927
1608 1646
1841 2215
242 1911
1738 1822
537 2142
126 597
1445 2352
136 572
796 1229
1042 1110
1225 2107
1013 2529
250 887
1215 1340
2258 2534
2510 2624
1588 2037
1004 1366
160 605
1999 2162
41 42
303 1775
208 3245
1434 2779
1442 3287
1889 2365
1004 3256
408 2200
222 2120
1613 2388
2 199
430 1142
116 2779
1959 3275
79 985
785 2640
175 648
962 2671
164 1053
141 1153
58 1745
1815 1998
465 1516
2060 2258
653 1709
1614 2703
412 1995
1199 2984
196 859
1664 2055
2054 2135
214 1146
356 1635
1670 1901
551 566
670 2009
728 1339
260 900
772 883
313 1510
1164 2985
2400 2464
1454 2467
786 3210
918 1072
632 775
517 1088
94 1895
568 1179
8 2124
140 3013
1232 1807
702 1599
2580 3187
1321 1326
819 1088
263 1266
90 1583
1186 3235
1221 1823
1912 2409
17 673
1236 1873
396 2365
835 2317
393 1829
1711 1877
519 2421
1665 2293
1317 2712
145 3175
318 1939
644 2861
1499 1849
1682 2895
690 1754
853 918
1587 2580
472 605
19 1164
122 1208
609 881
289 1999
760 2052
198 299
189 424
61 2123
182 275
958 2283
367 819
1759 1840
517 2925
1294 1425
749 2491
229 769
289 1413
207 1252
1777 1899
78 328
368 1198
286 3184
521 1308
358 2146
348 2864
71 1296
264 1136
267 566
227 726
203 2076
721 3015
688 1543
726 2874
103 391
1371 1525
239 1788
1854 1882
39 789
1166 1433
1820 3116
457 2895
38 138
1043 1733
961 2752
847 2097
572 1457
1609 2044
1383 2671
1066 1414
513 521
314 773
1302 1960
831 1678
250 1046
815 1120
1543 1655
387 760
196 718
86 2085
1006 2731
40 2382
512 2577
609 904
549 1650
100 1304
1599 1892
806 2042
320 2642
183 362
304 1532
1061 2300
610 2442
191 2110
1408 3263
1259 3009
223 1068
1425 1616
245 708
99 2774
1182 3167
1126 1130
1573 1939
2408 2577
1112 1745
788 3086
563 717
249 2038
699 1540
18 665
160 806
1144 3079
8 1580
144 3104
2141 2317
739 2151
411 570
422 1228
419 703
911 2575
230 950
1108 1919
978 1512
747 1329
115 3086
623 1567
1734 1778
607 1702
1778 2840
1885 2553
2526 3016
874 982
294 423
794 3165
167 1090
181 1861
747 2124
1967 2892
1817 3016
1383 1907
1662 1840
553 1420
1240 1652
1015 1327
105 1819
339 2571
1476 1696
950 2861
1211 2383
596 1998
243 2481
216 1781
61 1717
1734 2856
662 3118
1363 2408
642 2060
108 801
334 508
1241 1476
240 2098
2126 2462
1491 1651
634 765
143 190
324 486
766 1710
1121 2081
1179 2184
34 257
732 1435
556 2261
2140 2400
1083 1299
443 2828
314 1635
645 807
19 78
1686 1812
2771 3170
1363 1589
1370 1967
86 1015
1750 1894
875 950
386 1773
356 1043
1199 1208
345 2098
1325 1955
811 1423
698 2741
1173 1539
641 1283
385 1911
1512 2123
533 786
674 1634
774 2428
95 3159
586 2571
189 1932
839 1064
108 2110
631 1913
608 2746
323 1750
419 1681
401 1807
412 1696
312 916
1299 1351
89 1047
677 1850
1299 1610
847 1187
935 2095
970 2472
470 571
1227 1639
34 121
2419 3049
629 674
1968 2237
1638 3029
320 1903
2167 2625
686 1601
1997 2416
348 1112
53 2067
599 1538
135 901
1377 1504
957 1254
210 799
634 781
663 3021
1618 2075
20 792
608 2135
1436 1661
242 335
1408 2557
868 1333
181 1892
1658 1987
101 537
405 2977
1327 2085
1254 3208
508 1219
846 3170
1242 2110
988 1064
1273 2669
1451 1882
1710 2056
61 727
474 3229
947 1282
1294 1383
880 2113
509 751
278 924
1464 3044
795 2135
365 1442
2098 2857
135 2058
923 1374
225 2754
77 1181
647 1821
310 2456
230 893
722 750
1504 1739
25 1266
1059 2732
752 809
286 1849
7 2321
225 1232
110 1086
410 1803
873 3157
603 684
1251 1421
393 528
667 1087
1226 1812
323 1349
439 2671
1417 1820
233 793
1584 2294
1207 1615
4 300
686 733
90 794
1500 2254
1009 1128
126 241
1069 1440
418 979
1274 3254
2557 3269
362 1372
1097 1180
1689 2533
1088 2160
640 1482
894 1708
741 1349
771 2136
327 2677
51 823
1113 1945
326 968
935 1160
813 1149
101 997
347 754
1201 2666
2184 2944
679 811
1329 1490
1292 2341
232 2575
501 1771
594 938
1763 1940
357 1758
202 1383
42 950
298 541
807 1092
1158 2531
956 2851
290 644
719 1240
1175 3131
324 1759
394 2540
1453 1900
410 774
469 2557
117 2074
915 1263
171 315
47 1130
437 1846
811 1853
1251 1348
221 1682
148 199
1124 2846
1942 2708
720 3014
993 2669
486 494
1258 1992
1164 1889
1192 1758
1295 1407
1232 1283
261 364
961 1678
764 822
92 1110
1422 1510
1283 1377
624 2100
1028 2594
1008 1966
851 2174
626 1823
241 2641
751 2699
673 923
1179 1608
630 836
1310 1832
376 1083
647 1815
1532 3124
1408 2640
744 1858
55 2321
746 2338
1530 2166
317 1433
91 1730
1628 3141
1251 2167
130 709
1826 2647
747 2834
819 897
257 1149
2579 2600
486 1854
706 960
748 764
801 1220
1253 1629
512 833
655 723
1585 2987
377 873
367 3208
1088 1350
1499 3014
225 2540
140 245
1615 1806
487 2729
428 2006
329 2131
591 702
201 3041
387 1479
265 674
152 546
477 1618
893 2397
40 915
766 1241
1402 2059
1191 1898
2122 2640
308 1142
773 1333
1003 1843
520 1944
15 2277
153 377
403 929
174 436
1249 1969
532 982
727 1688
495 1775
436 982
980 1204
1793 2844
1195 1345
1805 2895
357 1381
1819 3268
644 1935
1074 1086
1512 2095
908 3287
1706 2112
1999 2132
1888 1895
924 1950
310 745
1681 1702
186 1411
1664 3154
796 899
1482 1782
755 3015
517 2986
267 2071
1741 1810
300 1812
1544 2126
1368 1639
188 1393
2174 3154
678 1643
1260 1442
350 1794
961 1601
196 3086
106 1561
620 962
744 1975
519 1418
1102 1533
50 927
320 388
1192 2149
251 1260
1581 2534
320 1076
1321 1877
823 2834
911 1491
522 679
430 703
780 1131
1735 2394
1464 3292
643 1145
2455 2648
83 256
974 1958
690 2746
605 1309
524 806
971 1852
1631 2851
219 1802
542 1381
219 1119
563 2792
1266 2421
542 618
134 732
594 2203
211 1985
402 3292
817 3229
1171 1488
403 1891
1221 1494
281 2119
354 1462
1218 1758
1233 1868
676 952
1946 2059
779 1729
365 892
214 1652
421 2036
981 2176
273 2171
1949 2134
842 1256
1181 1383
766 1721
395 1452
1924 2364
867 1663
457 3124
653 2834
1457 3236
501 2721
562 1592
1958 3245
540 674
501 2587
575 2981
847 1588
424 2214
819 2049
964 3170
1087 1504
1227 1659
23 1042
977 1480
1042 2439
1007 1986
322 1514
454 661
371 1605
995 2430
19 441
2208 2430
1433 1717
595 1019
755 2546
23 1500
68 2988
2175 2338
536 860
553 1682
1110 1247
318 486
881 2546
168 2722
571 2137
23 1170
753 2768
925 1754
238 1844
388 1363
720 1148
583 1414
276 1116
558 828
324 1301
749 1274
659 2491
499 878
1552 1904
8 2098
1222 1868
2995 3123
925 1224
291 344
271 3005
1115 1420
854 1348
2125 3014
47 970
1874 3005
214 557
1001 1923
94 2642
1627 2995
324 1658
561 2124
588 1999
98 1501
1844 1880
904 1637
1131 2483
728 1790
434 679
123 2443
859 2864
201 2586
1250 2465
1091 1377
387 2340
783 2910
651 1173
865 945
993 2531
1446 1754
1376 1500
2107 2267
472 548
1765 2293
1614 2395
379 2395
640 1750
960 1890
678 754
221 1662
975 1290
567 1987
605 1224
597 2132
343 978
1600 2130
857 1243
333 1244
761 2254
2581 3273
119 2800
573 948
365 1334
1375 1515
186 2779
186 1179
1979 2141
1917 2648
1826 2587
171 1997
259 827
365 814
351 3029
700 948
183 455
255 1803
694 1014
1338 2203
173 742
1349 1744
216 1445
1591 2928
1137 2666
709 1124
1 200
183 2380
241 495
1638 1753
165 2526
1661 2430
1020 2002
644 3026
61 1102
871 1952
1705 2276
588 1016
517 1550
439 1213
170 1773
858 2161
316 1393
1094 2792
503 1802
208 314
29 3016
827 1880
414 3175
1544 2586
348 821
391 2592
949 2077
3112 3302
2035 2074
7 815
830 2950
112 1772
6 709
1743 2142
364 1134
916 1337
224 563
513 1145
1005 1461
587 2009
644 887
511 753
1210 1678
1812 2134
397 912
506 1360
758 1766
693 2107
461 551
149 181
446 1198
808 1407
1634 2670
254 2028
1128 1135
112 2243
1721 2174
1299 2073
148 1354
828 2397
7 1643
1185 2420
268 442
523 1379
1635 1748
1992 2841
749 1658
964 1998
1887 2467
869 3006
2214 2234
407 576
672 1116
2813 3157
1151 2841
943 1061
172 1423
1749 1955
880 1187
111 1828
2042 2160
657 2655
462 1119
391 869
2642 3165
675 2004
271 1650
278 1913
267 2725
383 1383
727 2771
1854 2166
473 1902
1414 1982
1357 2237
1031 1665
919 1334
207 2729
38 1361
851 1361
792 1724
1137 2866
1873 2925
285 410
934 1470
760 1259
1776 2995
1189 1854
402 2987
797 1428
715 1285
412 443
609 1899
952 2084
413 1515
1028 1901
855 2137
264 3016
2013 2962
834 1509
501 831
757 976
1614 1643
33 287
141 636
848 1884
643 2725
2162 2766
88 1090
1832 1955
1064 1736
699 2526
291 346
1843 1938
516 1540
87 601
1767 3141
751 3185
506 606
250 715
883 1515
186 2741
444 1086
274 1097
565 1504
512 1739
102 1951
1245 1428
1161 2215
204 1860
1141 1669
926 2581
1906 2026
552 1647
2630 2858
195 859
110 1058
829 1231
364 2655
819 1280
773 3166
250 3306
429 1189
826 1040
70 174
211 2706
2420 2811
512 2001
1640 2024
415 521
353 2075
132 190
1738 2037
460 1815
375 1665
603 1990
244 2670
732 1773
903 1353
1208 1310
1013 1889
1414 1716
878 1278
4 164
58 2338
947 2814
610 770
1567 2380
906 1824
399 1041
403 921
13 1008
1632 2260
797 2659
1243 2416
713 887
1526 2082
853 2678
441 985
336 2397
534 1304
184 251
227 1365
435 1652
259 2531
836 2472
1090 1582
135 1609
416 967
426 533
1187 1728
1417 3104
409 2137
232 1683
926 2792
843 1250
126 1288
743 1225
925 1158
152 1348
50 3167
558 2152
359 2407
827 2658
132 232
1647 2648
1856 2152
296 1658
119 1376
441 877
1423 2745
695 750
471 983
1158 1329
311 388
1092 1150
905 1140
29 2208
307 1003
875 2597
156 338
1102 1250
284 893
553 651
567 2800
2006 2447
2037 2380
516 552
742 2361
163 2151
217 2168
2329 2580
1456 2895
1043 1140
99 202
1736 1927
483 660
130 2668
951 2593
913 1093
322 1158
307 552
1371 1433
255 3080
2075 2530
557 885
1108 1708
193 1201
969 1476
391 610
9 3029
785 2752
344 728
507 684
1299 2361
1924 3026
1177 2533
1340 1620
103 1008
464 1828
1009 3010
384 1999
336 740
747 2678
632 829
221 3275
935 1966
463 806
2073 2166
1601 1817
63 3026
838 3259
803 2352
2130 2435
394 785
1077 2151
1810 3218
61 145
527 843
108 1643
709 2678
314 1649
1777 1859
244 1790
1103 2579
1211 1264
411 3154
492 3192
2343 2857
233 1958
140 1134
348 1961
454 1957
1646 1879
907 2725
335 2515
25 1376
1169 1404
3123 3188
679 1146
39 1673
43 2741
266 1317
1507 2092
1377 1422
1357 1466
244 901
836 931
721 1991
273 1708
797 1011
532 868
590 2641
505 917
204 1581
735 827
396 1392
819 1300
394 2009
1462 2136
496 2515
983 1219
197 2047
1191 1411
308 1998
395 2126
692 1093
446 1328
690 2105
356 374
1107 2529
817 1628
300 1718
1573 1682
1458 2977
1406 1475
943 2352
1957 2532
717 1890
571 574
1763 3009
835 1898
2169 2372
2130 2168
692 1433
2447 2917
1138 1741
660 1224
533 950
1708 3159
47 911
602 726
64 65
1436 1691
1832 3275
246 1589
1646 1946
1372 1977
164 1354
1328 1951
287 2408
1470 2006
173 268
610 2388
266 2423
775 2421
292 1888
939 2428
1240 2300
1132 1754
279 2065
145 505
441 1637
656 1939
37 1718
1089 1465
785 1094
2052 2892
508 1235
367 2012
939 1531
310 1194
1579 1899
775 892
445 562
913 1662
800 1106
1351 1896
394 1587
608 933
2033 2950
961 1958
1309 2706
978 2712
739 1632
262 958
1255 2130
788 2176
214 1921
1730 1868
713 836
990 1744
119 3016
361 522
39 367
18 1634
680 3094
717 1550
55 1226
108 2793
2142 2439
256 1333
645 1452
1982 2056
187 690
80 1326
1961 2633
430 1569
167 1745
1225 1749
588 1040
264 731
16 2670
343 1042
367 3297
827 2673
245 2407
78 1134
366 2995
1265 2671
880 1213
433 754
7 1663
275 2001
873 1778
1246 2098
609 2464
389 1031
329 1048
292 531
1003 1482
563 3005
98 2533
1767 2784
1052 2215
327 1777
1422 1482
742 2984
850 2100
995 2072
50 618
1196 1607
1139 1360
1271 1393
2851 2858
436 1312
454 2319
1367 1750
191 2970
964 1339
309 922
1384 1956
990 1710
627 2217
43 921
966 1476
289 1435
593 2924
59 565
186 608
132 965
110 1991
584 1986
633 3229
634 2170
924 1609
954 1781
539 1249
621 2067
158 2345
445 533
2166 3187
833 2775
96 2650
562 1306
145 1464
1682 2924
555 604
235 319
1039 1894
225 543
709 2093
886 3013
505 1778
908 1433
2146 2793
867 1582
1158 2593
938 3145
1678 2079
1130 2293
18 216
1424 1534
1175 1907
1013 2093
601 2074
1139 2317
7 1379
634 1458
230 701
3156 3294
430 995
274 1917
468 1104
162 931
192 1349
398 729
37 596
1276 1379
802 1405
816 1171
272 555
636 1906
815 1650
508 831
254 1019
1125 1514
23 1508
699 967
28 2677
573 2924
237 602
475 901
171 289
714 2439
603 2057
922 954
25 703
528 806
1711 2019
574 2126
988 1145
607 2881
229 979
81 1941
1250 1514
127 546
734 1504
1290 1360
180 2084
375 1094
693 1805
130 2044
115 3254
34 1192
473 766
1383 1512
817 2846
648 1294
1244 1580
245 401
31 89
37 1655
37 1236
711 1422
642 2394
2211 2481
132 1735
300 1934
1186 1437
1104 2407
425 2026
849 919
590 1604
1139 1509
552 718
328 1901
25 1493
1063 1359
319 2012
1691 1865
1 2402
1957 2677
1527 2852
898 1224
14 974
659 968
13 1592
409 1605
1661 2122
813 1669
247 2461
1042 1574
1170 2846
1588 3154
504 1221
410 1713
348 2400
1944 2408
939 1668
231 833
453 2693
799 1599
782 2130
354 1573
8 1298
251 670
242 1874
293 811
418 3188
623 1451
1589 2214
1287 1890
424 800
904 1872
381 1393
1661 2416
750 1494
1069 1628
164 1406
838 2791
730 2049
474 1873
1828 3029
592 1476
668 1514
1531 3029
842 2642
573 1418
1088 2176
1010 2814
1376 2106
410 2174
22 98
991 2200
858 3209
598 1117
929 1540
187 375
502 2095
2019 2051
675 2775
339 822
868 1072
1022 1618
899 2487
16 1059
1996 2487
1264 1995
108 161
224 382
1368 1488
817 1688
846 2729
681 1875
1005 2173
523 726
1043 3206
1243 1359
864 1022
1553 1981
187 2846
925 3086
563 2132
297 2166
170 387
685 742
600 1955
1192 2457
392 1664
2162 2448
445 1352
638 2000
326 1737
508 748
457 1879
736 2135
8 320
188 390
766 1495
1798 1867
491 889
553 2487
270 1375
669 3175
303 333
1828 2668
1676 1810
682 955
955 2222
1788 2234
231 2814
368 522
41 2988
594 2052
1427 1458
680 3259
1093 1824
471 1028
1239 1860
521 1722
564 2586
1354 2417
360 728
1625 1958
633 875
162 2093
284 951
227 1065
1126 1643
1437 2466
582 2123
619 1563
584 1995
298 804
1038 1127
539 1843
1304 1414
879 1608
344 774
1040 1670
1339 2987
1433 1913
492 1533
268 1053
690 2409
154 436
816 1294
365 2361
652 729
555 1408
343 448
86 608
241 1919
659 984
1572 2237
679 3041
413 1149
2112 2365
288 1266
1080 1328
620 1899
223 2594
162 776
886 1789
126 434
1381 1932
399 826
560 1887
508 2398
1443 3188
751 1944
1277 1610
95 263
347 942
334 1713
94 803
222 2173
907 2666
1534 1864
256 427
775 1063
603 752
1222 2321
355 1508
857 2739
38 1018
83 1327
273 1543
107 398
1276 2708
33 1222
2170 2721
2481 2864
597 713
468 1892
1194 1397
1670 1907
746 1754
1219 2060
1573 2874
17 1428
1309 2361
589 1616
413 1326
523 2791
335 1043
677 901
165 751
315 3306
415 1744
1730 2417
1499 1992
132 1598
1678 2111
1178 1707
290 779
238 2540
34 690
2033 2364
1545 1982
1014 1251
531 2729
305 1891
1355 3192
475 482
1301 1682
183 2754
1829 3015
873 2658
1500 2290
905 1148
379 1765
1531 3192
939 1227
991 1411
1220 2283
2052 2673
104 742
366 387
1210 1925
1950 2400
65 954
1714 2254
699 2034
1522 3122
923 1480
1207 2060
2119 2996
13 543
373 1445
328 489
1207 2856
1891 2215
530 682
524 2435
713 1643
611 2136
948 2515
1106 1788
122 1313
1039 1366
221 520
263 1969
1680 3016
950 1882
294 3122
187 1325
169 3253
475 3160
413 655
1815 2211
610 1421
137 1754
327 2553
909 1616
271 2417
1132 1978
245 707
836 2640
1082 1248
732 1465
292 1338
335 738
83 854
857 861
277 1011
868 2771
1276 1696
402 2641
313 1046
1235 1825
474 1668
1815 3165
452 868
329 1136
11 940
1206 1243
630 2571
724 2317
283 2394
88 181
143 676
1540 3081
1913 2668
2479 2779
916 1522
161 3302
45 564
579 1806
604 2514
1040 1425
873 2861
485 1096
150 1569
109 793
540 727
812 996
901 1643
912 1061
1349 1475
241 556
800 2791
1129 1946
161 1539
124 1907
1108 2416
96 590
923 1770
722 1306
621 3086
943 1888
869 2464
180 1926
168 1561
1097 1319
166 269
261 2025
136 664
1897 2534
2669 3006
652 2648
823 1810
1208 1421
1651 1772
1995 2004
285 1810
87 392
537 1615
267 640
78 3292
792 1217
841 2329
620 1759
558 2428
122 2176
1043 1981
380 861
1481 1613
182 721
78 632
1161 2214
168 499
859 2584
204 2593
82 2465
981 2279
272 1441
2708 2857
20 3170
1533 2466
552 2532
48 526
110 1451
427 1942
79 1930
1259 3297
803 2084
570 1145
916 1943
1504 2666
213 2438
611 1680
474 2587
795 1306
445 614
1335 2658
92 1082
757 1712
268 2895
1022 1660
246 1182
187 3292
1249 2996
997 1106
1004 3121
1592 3267
457 493
218 1404
860 1074
1169 2962
582 3081
388 1018
1545 1741
717 1822
1520 1802
51 2343
265 999
952 1946
142 1676
839 1859
472 1376
693 1173
1008 1014
787 1052
2123 2395
1074 2106
1170 2056
30 2679
1 1650
1146 2194
1106 2062
157 1341
137 3015
2175 2290
495 1887
794 2173
232 357
40 1832
392 2126
724 1884
834 1895
621 736
798 1386
813 971
1481 1997
196 1137
1891 2050
331 2151
659 2215
807 2624
924 2107
329 1794
2461 2925
12 751
1150 2112
63 1011
612 3116
1011 1263
1793 1828
956 2659
946 1367
1008 1588
1777 2162
173 3105
1107 1859
64 1003
381 1889
477 1451
2012 2479
136 431
213 1870
1952 2586
113 121
588 1561
880 1264
613 1039
798 1252
724 737
921 2580
358 1381
346 3122
494 1803
223 227
187 634
1367 1608
1161 1341
