390 1943
769 1615
906 1934
526 968
1206 2057
79 961
1088 2092
214 1991
406 1099
559 596
926 1350
108 776
317 2917
788 2639
1465 2215
613 789
618 2534
1713 2382
126 978
516 713
159 1495
115 713
482 1235
111 195
374 2774
235 1206
582 953
1059 2438
482 1794
378 2258
211 1940
614 3269
652 1795
535 2443
1585 1932
238 834
1065 1926
817 1722
1345 2659
844 1935
1546 1926
250 2640
2062 2865
1271 2438
942 2215
1632 1715
24 2725
364 1010
836 1656
474 1961
307 837
249 335
1906 3022
985 1844
1264 3112
2037 3154
209 814
198 294
2931 3269
439 560
2137 2950
184 395
964 2931
273 432
932 1821
219 683
837 1955
578 836
1039 1924
546 2283
123 390
411 1171
288 1296
2011 2243
675 2593
88 2067
723 771
625 3259
1790 2650
362 1131
575 1327
490 1349
678 763
642 1426
799 1685
221 3237
2137 2560
982 3086
78 1124
600 1999
48 321
941 1333
502 707
265 889
273 1938
203 257
257 3167
1481 1639
228 464
1325 1363
1377 2423
211 287
1730 2120
393 2944
805 1549
1351 1510
257 405
134 958
122 756
1159 1345
2150 2625
2194 2584
360 712
1955 2096
2053 3157
38 491
594 759
867 1337
167 1319
1287 1605
1265 3302
943 971
1732 2648
1186 2970
1944 2457
273 960
397 600
381 2857
563 1859
749 2456
609 2254
686 853
1417 3218
330 2123
989 1190
1386 1986
1635 1758
533 1359
428 3010
1546 2988
306 1170
675 1093
16 2173
1325 1353
444 2027
740 2173
1133 2166
144 1805
980 1052
253 1770
535 1997
1064 2035
506 1829
1582 2352
51 1441
797 1533
1946 2488
2741 2892
1546 2407
981 1859
604 1312
645 1300
1321 1777
1601 2343
1471 1650
662 2648
853 930
309 2983
1868 2874
194 2002
708 3042
241 375
144 1759
359 867
866 1849
901 1582
646 1103
128 2009
84 1990
1609 1894
516 2814
725 1851
449 1031
50 1674
642 2036
957 2795
1321 1735
264 1680
1629 3045
227 299
555 863
167 2135
1543 1943
1053 1906
355 1053
1925 2084
431 1060
2038 3209
1907 2813
93 1949
124 1797
1149 1923
1554 2593
675 1922
327 1514
328 1953
528 861
177 1691
930 1655
1537 1726
577 2640
234 2005
227 738
212 1889
322 1631
1208 1428
1959 2186
1014 1851
1381 3273
1590 2732
284 1679
99 1395
157 3163
952 2293
1527 3186
16 1968
1146 2669
405 1902
491 1194
1572 2648
776 1092
1488 2571
1317 2158
292 1742
1898 2624
173 2721
341 2019
42 1466
731 739
532 1805
660 1625
1243 2931
156 563
996 1716
370 1061
309 2056
295 867
1530 2014
722 3156
273 2113
977 1072
1060 2483
1069 1846
783 1873
546 1514
1121 1732
1375 2215
614 1682
370 2176
234 1860
284 552
623 2066
799 1248
681 2078
1638 2640
96 220
1384 3044
619 1849
464 737
180 1043
102 570
1922 2840
626 2113
1091 2698
1634 2795
906 1217
1231 1935
595 1112
747 1569
630 807
135 1935
438 457
1955 2050
333 2214
964 1282
1384 2970
491 1956
413 2740
713 1255
237 1710
96 434
2472 3236
1353 2828
1879 2341
350 1632
1651 2439
109 1328
1091 2000
1139 1864
200 558
112 2419
1215 1489
476 2124
1065 1515
290 2222
858 1227
555 629
333 1402
1713 1730
929 2065
893 2169
285 541
127 425
979 2130
90 962
1762 2551
223 747
85 1886
292 1063
1744 2284
291 1412
110 1774
78 1585
2580 3044
1832 2072
1997 3013
761 799
2254 2874
518 1870
535 1065
2639 2841
141 412
227 2417
1890 2428
1226 2293
1048 1735
679 1819
325 2698
921 1245
917 1952
1992 2846
769 988
322 713
394 901
1191 1748
251 957
310 1539
833 2515
557 719
106 1333
432 975
117 630
1873 3116
681 2051
48 1749
223 521
373 576
1198 1350
2065 3129
1101 2495
1008 1335
1515 1986
79 1569
1578 2383
592 1176
912 1919
167 2095
204 451
107 2754
1180 2007
404 1762
311 405
1806 3022
495 1766
942 1464
603 1892
512 1616
523 533
700 883
374 2129
751 982
607 1317
597 2120
511 839
527 820
437 1329
196 736
606 636
1494 3275
1142 2984
84 1408
1719 2211
180 182
746 2000
433 1513
662 1920
499 1591
2579 2864
128 1637
640 1296
483 2647
386 2237
546 2671
569 1537
1309 2859
187 2795
1377 1950
1810 2140
352 2120
737 1991
2895 3253
331 1740
241 2044
956 1268
250 3210
23 2746
186 642
1123 1861
216 2746
1090 1628
925 3167
1115 1526
607 1339
571 708
784 1608
1408 2800
45 91
711 1732
1530 1986
1260 2338
107 2865
967 1789
138 976
1083 1289
242 2557
29 1313
658 2529
1455 2300
1546 1955
800 2532
939 1734
305 1732
414 837
899 1825
621 1175
319 617
470 3304
1121 1980
746 906
2400 3254
613 1268
234 1600
816 1096
54 1310
111 1966
115 540
1150 1466
229 3218
715 1358
344 1432
50 1846
603 1099
243 3045
171 2401
207 1826
47 1781
462 1573
516 3108
662 1631
477 2996
1345 2028
738 1216
593 2402
213 894
2050 2112
688 1441
1360 1663
1142 1601
7 641
631 1142
367 2182
630 1710
228 1891
1610 2276
952 1945
541 2442
81 1152
192 2796
2532 2575
747 2037
481 1580
558 637
134 1299
1237 1807
515 1616
148 1978
1432 1861
830 925
636 1064
1414 3015
1191 2488
2050 3297
283 1604
1282 1552
860 1888
1326 2647
155 1601
156 1379
1283 2150
636 2668
1685 3236
750 2058
1551 2012
649 1215
210 938
847 2073
164 3294
1386 2067
582 956
365 3021
257 614
29 36
471 2703
116 614
977 1901
568 1515
1699 1738
642 1450
1462 1861
646 922
1442 2011
500 1494
1795 1949
220 813
341 2740
81 2388
945 2386
1153 2706
138 168
1065 2971
257 863
666 2129
379 873
149 3256
917 1482
407 2775
81 1317
795 2796
225 537
933 1682
391 2438
1326 2352
1129 1333
1413 1789
716 1166
305 789
209 1360
1259 2126
605 1296
152 2407
383 718
839 1374
101 2739
712 1138
1118 2186
723 3094
201 495
584 632
1782 2771
2162 3010
1822 3253
47 3188
1219 1310
1011 1753
1315 1841
2844 2988
1354 1614
19 844
1531 2443
325 808
81 1046
872 1137
752 2394
1040 2056
2983 3208
823 1510
360 927
540 2003
512 2408
2076 2085
2495 2729
1424 1709
151 345
148 988
1338 2321
39 335
2141 2439
346 2706
928 1490
793 1176
1455 2071
217 3154
685 1771
101 330
2394 3129
843 1191
860 1196
1493 1903
700 860
1789 2051
1975 2383
599 821
274 2245
261 2234
72 509
640 1359
900 1609
1043 1516
303 469
1084 2575
873 2098
268 1079
165 745
1041 2698
251 2745
319 400
2074 3236
49 117
1310 1733
257 1710
340 3208
1066 1841
272 619
767 1660
303 1892
1060 2442
1919 2827
1504 1651
1135 2530
256 2056
784 1427
1715 2300
645 736
494 1360
127 1101
1178 3263
1661 2745
375 1295
631 1002
1081 2895
177 1031
887 2985
490 1494
1337 2124
2105 2743
365 1131
407 1661
1108 2002
731 1331
1242 1889
148 692
590 2348
580 2151
2042 2910
244 1537
848 2438
980 1649
872 1158
21 848
506 2416
1715 2693
699 2112
300 499
21 898
1410 3263
901 1797
309 1352
678 1426
146 403
2200 2340
1127 2067
1187 2666
517 1945
1700 1746
439 1676
1040 2279
902 1188
2546 3124
187 512
1394 1599
794 1702
1206 1681
165 484
497 939
3081 3211
34 2779
312 905
290 1028
1781 2048
1919 1932
832 1042
1967 2996
1466 2655
1246 1342
255 918
1495 2112
1282 2784
961 1103
593 1471
105 997
567 2019
342 1864
2791 3080
662 2731
258 861
566 935
1243 2655
533 850
1765 2671
880 2007
975 1359
504 2774
1638 1939
753 1724
237 1434
1014 2699
94 2168
70 487
532 899
604 889
180 956
938 1955
1215 2394
949 1851
775 2624
1242 2048
422 3268
657 901
743 1360
924 2784
290 2448
44 871
412 2986
753 1375
115 722
248 1047
50 474
637 1337
531 2106
22 184
915 3014
10 1173
547 877
412 686
2745 3294
562 2704
505 1967
216 2010
439 1614
537 2319
1349 2650
948 1788
2024 2052
49 2670
1999 2895
2779 2920
2260 2670
1344 3211
1303 1877
663 1584
1003 1540
685 2995
1493 1926
1187 2671
325 1775
198 871
23 1074
662 945
445 1128
488 2592
903 2698
691 1500
733 2258
322 869
76 411
414 2557
403 837
1335 2980
1454 1614
17 25
1187 2099
695 818
360 1919
1231 3094
261 1781
2167 2171
109 1990
1591 2166
1333 2168
150 561
848 3081
186 688
1076 1413
811 2416
547 730
1247 2104
762 1409
1149 1656
1287 2027
2140 2986
1379 2881
438 2009
311 2487
631 1432
1137 1225
158 1028
1953 2059
397 876
589 1437
555 3080
780 1829
1190 1882
629 1921
923 1341
351 876
169 1381
186 475
1718 2532
673 2479
102 290
618 933
213 1973
337 3124
1776 2182
62 879
534 1471
338 1969
423 449
1553 3157
583 2594
1789 2081
479 2467
441 728
699 1955
901 1882
1152 1196
1115 3175
293 1955
996 2986
1064 1466
543 849
1081 2169
51 585
1691 1736
779 1774
1550 1825
57 476
1191 1455
351 3079
1093 1924
701 1538
103 3185
829 1563
823 1292
743 907
1097 2693
2856 3237
980 2009
1815 2464
154 1409
925 1280
254 801
1195 2283
945 951
470 510
1170 1580
751 1091
403 3306
1288 2329
169 1265
704 1872
102 1195
437 1599
1741 2290
1011 2472
551 2237
1737 1981
465 797
893 1016
323 1475
1138 2170
422 1289
2137 2526
769 1961
640 913
1254 1526
211 612
15 1714
981 1819
381 2186
1132 1533
1482 1902
209 269
2084 3108
1079 1334
797 2054
421 522
2182 3170
1126 1130
1048 1856
79 1104
826 2055
764 1106
390 763
1393 2754
546 3206
31 731
294 1445
102 399
132 583
1153 1471
307 3306
2125 2534
486 491
975 1176
237 1231
1306 1325
719 1958
142 2372
2076 2317
172 2699
1047 1646
969 2659
198 633
1812 2589
636 2169
1227 2784
744 1392
515 1871
1567 2581
371 908
1735 1856
1116 2575
665 1127
95 1867
543 1494
1080 1888
411 646
101 426
301 311
262 1414
1777 2944
987 2300
869 2170
771 811
78 1426
1441 3165
751 1711
36 314
508 797
1797 3026
608 2382
537 2006
283 1859
870 2134
566 873
1423 1945
314 2352
1083 1084
164 1512
797 1088
306 1776
528 1986
1673 2793
1248 2161
1252 1646
379 719
564 768
236 1871
375 388
95 2237
844 2729
613 2944
1728 2442
847 2001
919 2813
235 1805
404 3306
790 2874
318 1019
1717 2211
30 3209
4 1854
169 926
346 970
691 2395
162 318
545 3192
1966 2106
494 1125
70 285
491 812
1208 2479
968 3165
1397 2579
846 887
162 484
382 1955
351 2092
211 1296
288 2650
1806 1904
481 1211
102 557
376 1329
5 1053
2844 2852
123 3206
1849 2834
1253 1501
943 2944
630 2028
1113 1674
1887 2084
276 617
453 1452
1601 1721
947 2416
2136 2234
261 3014
1329 2073
138 2706
772 1766
343 904
11 3269
83 801
1569 1772
1777 2135
167 933
1189 1420
28 2984
50 1348
25 553
216 672
909 1216
1608 1707
802 819
1873 2981
210 2032
224 2577
1079 1208
79 799
510 1104
462 3157
981 1940
621 1945
819 1231
510 1953
1752 2577
854 1342
1136 1159
879 2132
802 2007
1922 3016
1951 2856
21 2859
39 1131
876 975
218 426
160 1945
517 2361
259 348
326 1155
853 1794
1317 1975
1600 1776
982 1900
1303 2435
1187 1997
99 2533
29 688
2014 2175
448 917
2402 2585
108 1489
1664 2732
369 2533
562 1975
1858 2094
1140 2864
128 2214
327 1076
208 3218
555 1086
160 743
1795 1980
352 813
1229 1563
698 708
1507 1704
1920 2977
742 2479
1191 2071
1325 2134
1222 2587
1129 1276
1124 2352
2073 3208
2094 2630
1679 3236
561 1680
665 1775
2291 3287
358 1941
856 2077
960 1383
112 2348
832 1649
741 2372
132 2364
617 1531
922 2600
222 2534
1432 2895
1094 3297
269 3167
830 2693
1000 1481
1192 2417
968 1847
306 842
1537 1821
380 1000
1197 1254
658 1375
583 1040
55 1495
17 1775
284 2111
611 1773
724 1321
440 3006
984 1599
509 850
1008 1932
186 1170
610 3245
990 1409
150 2487
413 1328
719 848
407 2768
72 1997
844 2059
91 1525
510 681
267 3306
501 1609
99 357
2 993
94 1354
470 2557
219 1306
1005 1932
380 2658
105 931
25 344
721 1865
710 865
326 584
289 294
754 1455
1775 2083
1635 2291
1116 2279
839 1186
1011 1844
719 1240
160 487
964 1840
429 1721
2158 2388
632 2828
288 2655
938 2971
1454 2134
978 2560
512 3245
57 1127
523 1018
1354 2217
2132 3154
93 1031
404 1704
28 586
395 632
135 861
230 1155
563 837
762 3015
2006 2925
159 1288
149 3163
212 1942
1741 2560
482 1610
718 1625
271 2060
31 1817
541 3306
443 3206
194 892
1089 1790
2593 3045
473 859
25 179
579 841
211 1357
578 620
1248 2584
189 228
301 2057
1699 2483
40 686
881 1334
1651 2981
347 757
357 2394
558 877
1504 1633
313 2245
775 1277
1054 1335
397 931
990 1443
1123 1433
691 1683
202 261
600 716
439 678
1567 3229
152 197
1951 2112
427 1752
1777 3159
159 1397
1112 1287
361 2708
527 1263
2423 3010
569 1728
1010 2791
1590 2652
841 1466
143 1700
55 1703
818 1420
228 2796
27 2028
470 1175
704 1282
873 2865
827 1688
28 1881
1810 3016
783 1743
233 1384
402 2443
651 2856
283 669
96 265
1363 2706
113 1266
399 2170
1939 3287
182 678
378 715
87 1066
1019 1683
1652 1913
379 440
1059 1118
35 1461
1615 1708
231 243
241 1726
230 1534
954 1607
91 3104
205 715
885 1136
493 691
1030 1681
1190 1995
51 952
203 2920
289 1246
66 860
819 2380
1868 1949
173 900
1302 1924
289 966
2105 2464
523 2766
312 791
392 1200
1182 1684
1890 3269
99 1348
358 582
269 636
40 701
233 593
530 835
508 536
2668 3263
574 2341
585 2597
408 1659
364 2141
1646 1710
304 1181
35 995
338 1488
100 746
1103 1950
831 871
264 1825
2540 3116
310 1969
253 511
561 1727
225 2397
8 482
2779 2840
200 267
1221 1494
172 2462
557 2112
1128 1515
420 1966
626 2055
688 1494
340 3108
1254 1348
263 1613
2329 3218
946 1030
514 711
1054 1782
371 1434
498 932
322 515
1543 2352
287 567
515 716
52 841
820 1765
116 322
944 1749
1010 2924
375 495
664 1554
1426 2950
1241 1879
239 3159
514 1610
2276 2488
313 3159
362 2584
161 2075
1605 1992
163 1754
1495 1636
1501 1736
2134 3218
338 1496
597 2081
946 2448
253 1885
223 1116
1164 2483
676 769
1445 3108
293 460
289 1681
668 993
453 1614
154 879
1096 1434
1071 2572
1345 2290
659 1793
751 1921
239 1793
59 1000
1879 2048
162 3118
620 1139
1496 2401
68 2028
1417 2034
1117 1148
203 523
1655 1665
1748 2162
1705 2062
1445 2036
349 862
923 1247
643 3081
195 1998
1404 1742
1651 1925
970 3105
5 731
1890 1961
1146 1777
479 1459
155 160
1499 2793
1512 3163
1810 2116
187 548
729 1676
19 2557
1231 2464
1210 1843
786 1224
1529 1918
788 789
140 374
126 865
456 2084
1138 3267
722 2037
1407 1609
1471 1872
223 738
54 3080
475 2133
1326 2962
199 1646
1127 2510
98 2779
84 579
128 2321
836 2587
926 1911
255 590
1912 2666
674 1391
355 1014
8 2917
871 1574
413 1009
362 2237
932 3302
1659 2706
279 1246
1476 3145
692 783
34 1650
241 656
453 754
1589 2019
126 160
90 2659
809 2150
673 856
1007 1643
1306 1377
1422 2361
60 668
130 2077
913 2049
287 1414
1920 3157
188 307
47 364
1412 2182
1404 2650
1145 1940
472 2175
994 1573
559 1874
969 2115
2132 3269
41 2739
128 789
248 454
8 1978
1133 1733
720 3167
1186 1393
228 887
1125 2034
1491 1733
114 2208
66 1217
1241 2861
1940 2362
1153 1874
1455 1623
641 1158
775 1544
1427 1992
902 1955
1428 2132
495 853
723 1003
451 714
113 3263
798 2122
797 1115
536 572
406 2495
1164 1640
684 760
1899 3269
37 951
1539 2491
1758 1967
265 3159
279 1938
367 1941
255 1030
1218 3302
156 668
512 646
543 957
185 506
348 713
2011 2461
404 1930
313 1450
961 2111
1179 2448
600 2375
249 1230
842 1865
2793 3041
1321 3045
17 2078
255 808
40 800
1590 1659
799 1153
1081 1592
873 2160
940 981
801 2795
783 2160
1718 1896
390 2058
1077 2013
1770 1889
661 1274
1013 1287
1543 1919
1807 2150
112 608
335 1610
1241 3259
1071 1913
864 1381
1232 2106
562 1579
197 538
210 3094
446 1955
1077 1421
313 754
1821 3041
1508 2152
1199 2160
1288 2245
1895 3292
304 1643
383 1696
1520 2811
1246 1435
288 1178
818 1146
341 1680
923 2012
809 1402
119 2035
207 1946
1009 1256
2462 3208
91 596
131 666
492 1290
1585 2361
807 1591
174 345
306 3014
806 1981
877 1120
791 1236
1186 2495
54 1173
468 2038
849 2386
739 1520
1233 3245
158 2580
60 1913
373 2122
128 2071
1896 3121
948 3009
1019 2076
409 1436
128 927
381 1182
1398 1705
357 657
1132 1931
1507 2428
316 1368
51 2416
39 620
2364 2571
1699 1805
494 582
449 2343
249 556
453 1134
290 2067
246 1633
934 1920
1185 2386
633 2123
13 1456
390 524
1500 2892
17 2673
321 1743
766 1361
1352 2438
2171 2491
1145 1273
796 3259
725 2100
194 752
21 2074
901 1806
572 1789
1014 3236
111 2417
369 900
2113 2294
514 2032
1375 2184
395 681
45 2462
738 1537
441 1005
2461 3263
255 1629
1959 2081
350 418
347 1385
1632 1754
244 1659
183 260
1386 2116
1161 1224
385 1616
122 2130
603 2237
2013 2466
300 2481
492 1782
1451 1479
521 603
795 2294
734 1482
1699 1906
21 1080
256 1510
239 1696
2698 2971
139 489
1391 3187
514 1441
201 2514
1071 1106
643 1512
1656 2712
269 2123
1048 2047
1854 2779
1308 1442
51 1116
692 864
686 1563
592 2944
1569 1823
1365 1387
1428 2984
543 1352
1007 2003
666 2329
317 1854
304 3185
82 803
723 2067
872 1986
361 2435
2284 2456
134 2032
1177 2175
79 402
942 1931
455 1371
681 3124
183 1859
5 272
1236 2771
53 1803
865 1032
627 1241
838 1257
329 1092
1179 1227
396 889
651 1244
281 912
232 2865
1891 2267
434 1185
1106 1198
853 899
1243 1319
133 1499
460 1296
303 1406
1046 2167
42 822
223 1260
104 426
830 1080
1226 1350
358 866
386 1860
92 1253
1120 2170
687 2033
239 411
1186 1681
134 731
812 2099
649 1204
355 749
622 1188
240 2828
172 294
260 719
1825 2051
1215 1457
1619 1775
1195 2592
391 401
338 1770
439 1711
609 1074
1338 1940
942 2575
521 1319
723 941
607 1110
373 1007
753 2708
1967 2151
188 993
229 2243
691 1292
1732 1882
605 837
134 304
109 309
377 1892
8 2589
32 315
803 1949
599 2083
1647 2085
1080 1685
1829 2465
1790 2514
570 1665
804 1481
640 988
568 2648
822 1708
755 1208
318 2057
1361 1579
1522 2234
1014 2593
2060 2531
339 2467
2057 3185
252 2852
743 1195
498 1136
83 877
1708 2364
641 999
289 2214
915 1732
187 1661
1334 1990
631 2983
685 1479
263 2745
713 1123
1309 1452
161 675
1371 2170
565 2840
1046 2184
792 1459
1090 1714
1455 1902
514 836
38 1249
1131 1773
646 1315
106 1244
722 2398
28 1060
840 2115
774 1022
964 1160
1051 2062
149 1386
123 330
194 410
576 1178
746 2575
104 271
763 1710
2203 2395
219 1793
386 1309
16 2372
134 1041
255 1386
558 1030
465 744
1441 2864
974 1609
382 1053
876 952
1428 1625
256 879
827 1456
289 905
50 320
1200 1337
1317 2237
568 2321
294 613
31 424
762 2291
1019 1128
477 800
836 2375
355 655
216 3275
2792 3026
193 1975
1188 1649
481 1071
245 2800
1582 1888
1708 2526
261 2428
880 2151
498 2834
1239 2725
1969 2983
1840 2037
563 1118
578 1682
760 1230
947 1561
1123 2670
1959 2874
2641 2841
1288 1750
574 1958
1178 2290
1211 1931
388 448
828 1728
171 204
1046 1204
242 365
898 3269
1048 1491
426 874
1225 1676
1397 3131
2032 2136
148 1919
321 2084
689 1381
605 1940
2394 2971
33 432
575 2137
426 876
872 1526
595 1679
510 769
960 1446
933 1052
279 2869
594 663
716 1278
1182 1940
1676 1684
1198 1302
1455 3187
613 716
132 3211
1222 3081
498 695
412 724
802 991
142 614
978 2026
248 2752
732 785
140 2137
588 765
745 2420
2007 2553
1327 1488
1102 3157
87 969
1616 2383
87 1777
790 3141
105 474
276 1348
477 2319
230 925
150 259
1291 2038
475 2010
208 2066
393 2057
638 2060
130 1408
209 1068
748 1890
1335 2642
2054 2341
563 2895
1159 1623
221 1308
752 1590
2258 2874
2467 2917
1531 1997
535 1459
164 2551
365 1627
241 970
7 1370
1681 3157
496 1296
581 1387
1777 2150
781 3269
366 453
974 1210
355 819
1317 3045
531 1795
703 2276
296 336
823 1101
611 659
1370 2033
99 1538
392 1788
287 819
10 187
327 779
1387 3022
1903 2439
87 1590
78 781
503 840
722 3118
1064 1887
138 690
1534 3080
2208 2419
541 2962
1493 1982
278 621
318 3123
88 1990
877 2215
1022 2673
527 943
1922 2774
20 785
195 2284
792 857
163 560
1861 2171
893 2072
1991 2174
392 1821
220 1917
624 704
938 2572
1146 1981
1471 2784
12 3306
970 1387
1427 1945
301 2365
1592 2784
955 1097
619 1513
6 2980
790 1823
1230 1636
225 411
2000 3184
445 1853
1716 2168
872 1372
413 1264
1206 1251
105 189
1750 2400
2725 2739
1306 2510
980 1329
1189 2044
706 1823
870 1076
742 2648
707 3042
1889 2044
1198 2066
2044 3268
571 2708
711 2800
342 2028
1229 3010
662 2161
485 936
1231 1703
758 1647
179 1211
98 398
55 792
210 468
103 2659
928 2071
323 731
338 444
199 358
1120 2462
1955 2110
1470 1763
701 757
694 1935
230 3013
1649 1739
902 2439
704 1490
876 2169
609 854
308 780
370 549
856 1020
232 1198
1674 2419
1464 2283
509 1618
264 2042
131 1527
524 596
634 1754
326 1361
73 2136
732 1982
265 1441
70 1965
1255 2526
57 470
1128 1327
411 487
1580 1736
133 3112
46 506
487 2142
289 1405
1604 1705
563 1854
1920 2167
424 665
260 1512
1059 1334
336 1749
661 989
380 1823
651 2986
120 509
132 627
211 1669
1753 1965
473 3007
495 2067
213 1287
205 333
1951 2013
1044 2409
907 2056
552 772
162 2267
1847 2995
1650 2171
437 1106
274 3045
337 1028
536 2057
581 1868
455 2416
779 2419
388 1716
1005 2380
1773 1934
158 578
1175 3165
1181 1952
1182 2142
545 1260
1054 1482
2352 3165
152 1841
556 1661
1235 1877
1003 3229
152 730
1164 2173
1365 2581
707 946
532 1476
190 1853
257 1422
957 1207
406 709
681 1616
217 1618
1138 1171
1475 2123
379 2892
878 3170
702 854
1280 1440
1432 1464
1446 3044
105 373
608 2585
1634 3014
1773 2112
994 1106
1850 2731
36 388
753 1847
455 3206
925 1020
193 315
1040 2487
1895 2779
572 3297
668 1241
17 1773
658 1264
347 504
1525 1678
1610 2515
1285 2211
1145 2013
713 1600
1699 2172
1131 2840
742 2079
588 1705
839 1995
405 3010
1940 2495
405 1773
647 3167
849 1985
439 1164
233 3132
1402 1703
598 1357
1120 2277
486 641
598 1381
396 1489
417 2995
1327 2146
263 965
486 1420
512 3145
1255 2483
819 1010
918 1224
1901 2594
762 1337
736 1707
961 2131
476 1479
171 913
762 770
1923 2260
564 1150
133 2000
1136 2721
921 1273
477 778
102 2176
1101 1812
1236 1437
1243 2774
1412 3253
132 561
274 1854
1527 2666
2066 2532
536 1240
91 2009
1334 2394
89 1395
557 944
952 2122
533 960
704 1607
1417 1721
273 371
985 1522
2057 3079
1637 3187
222 945
1065 2361
566 3154
1299 2120
551 2514
2065 2677
732 1348
752 1807
902 2983
313 1767
573 1151
753 2095
865 1169
620 1180
406 1273
1341 1627
270 1200
32 977
760 1763
46 877
1616 2811
957 1015
705 2004
561 1259
978 1986
269 1195
429 630
918 1007
1741 1865
1551 1957
104 1778
1190 1446
943 1450
1604 3275
1145 1797
753 2865
759 1753
182 2402
462 1418
866 1930
368 1605
1189 1357
100 1240
347 1041
665 1208
594 1094
976 1534
770 2175
904 1298
930 2401
1268 3254
1999 2110
901 1451
1211 2775
1227 2100
194 1031
10 2693
269 1339
157 1732
717 1292
151 1960
219 1108
311 725
19 354
1381 2775
651 893
2032 2479
328 1707
1461 2462
1266 1385
396 2082
497 1076
313 1584
665 747
221 1754
493 1640
781 1640
602 832
155 626
778 784
255 1797
283 511
1888 2841
368 1696
1150 1537
450 817
1982 2430
455 1201
350 377
919 1738
394 3015
1334 3042
928 2465
564 917
127 445
115 1901
178 821
1404 1992
723 960
70 2864
139 1424
716 1739
530 1132
551 3112
1182 2814
624 2594
698 1587
289 715
558 676
494 956
2488 2987
764 1590
1093 1395
272 667
421 2488
644 1717
1466 2703
877 3292
127 885
517 1164
1393 1545
312 1446
469 1990
328 2151
275 2988
575 935
15 1644
1128 1366
1853 2211
1179 1927
2099 2540
1711 1867
682 2581
305 1639
309 2077
1077 1637
1476 2642
1775 2856
1124 1920
456 2065
258 1117
306 1573
382 1093
1674 2925
78 1038
2466 2856
616 1846
1348 1669
1864 2012
1529 2166
1208 1952
1370 2488
734 940
99 1659
1043 1112
819 1375
224 3081
22 2679
594 1810
775 3014
410 535
384 2408
566 1776
934 1222
400 454
144 1544
543 547
527 2234
934 2687
754 1778
1051 1561
350 835
1812 2585
1884 3015
148 1355
1992 3211
456 1844
694 1286
136 2291
1264 2920
65 1334
701 3026
198 788
1014 1940
708 1160
173 1539
966 2624
588 1709
51 89
675 1181
284 549
540 2866
976 1775
736 1895
1098 1140
854 1767
348 1360
364 1844
858 1466
866 1920
420 1198
193 840
952 2986
1092 1178
1186 1454
693 1847
856 1875
1625 2858
1453 2693
227 2530
171 391
52 410
1614 2996
1062 1345
255 1079
833 2055
1489 2435
269 1119
715 1245
62 334
309 1359
243 1480
1435 1527
1271 1531
1981 2864
899 3141
977 1927
200 1726
165 793
105 1985
417 1850
967 1372
410 1412
369 536
53 650
842 1737
489 1206
205 2420
126 489
971 1574
741 829
2319 2465
795 2585
626 1580
1412 2892
969 1290
319 329
1221 2150
660 724
437 924
521 709
794 1286
1052 2448
659 2151
537 2641
1345 2624
361 2633
1632 2814
656 1880
820 1591
1115 1283
1337 1643
142 995
263 2129
750 2116
199 684
569 3187
148 2624
710 2980
174 2291
1717 2098
1704 2428
789 971
1072 1181
1868 2222
643 878
622 840
477 1451
1610 1885
227 1299
932 1941
1113 1712
829 2766
150 499
286 408
721 1043
284 857
1273 1688
1688 2065
218 731
817 1198
640 1489
81 578
306 1086
293 796
586 1599
1647 2093
581 2258
800 1395
1097 1236
90 3186
727 846
573 2170
407 2532
524 1899
508 2096
883 995
