528 898
1875 2630
236 987
567 1999
599 850
1824 2557
1969 3041
1278 1737
1052 1917
865 1858
1708 1899
790 1251
2279 2678
51 743
573 1225
1117 2530
554 2152
168 309
472 740
463 810
2 883
727 909
1186 1892
1394 1425
1563 2036
847 2704
399 1925
530 1363
1618 2093
1337 2577
869 1304
753 1242
374 1961
673 1551
2072 2208
52 892
298 1384
350 831
798 1821
335 1895
681 800
10 1554
716 909
1979 2084
995 1942
94 1233
823 2771
726 1110
1608 1715
1041 1178
282 3009
675 934
337 2135
1198 1286
1006 1739
957 3208
196 384
195 1455
240 1308
294 391
155 869
564 1998
308 1088
1868 2120
2112 2146
171 934
383 660
978 2132
624 1273
1543 2869
390 682
79 165
325 700
38 812
166 1005
166 2970
440 691
1990 3236
126 1847
387 656
496 1932
1099 2078
1750 1992
601 2514
2464 3170
1291 1407
1712 1829
130 642
212 1891
31 678
208 220
1083 1101
509 789
389 1664
294 2176
907 984
1466 1913
752 1264
221 1164
142 198
409 2851
741 2013
7 61
1348 2361
726 2775
438 1778
168 1119
570 1243
1006 1273
2151 2586
1308 2529
280 1930
581 1292
531 2577
481 995
348 2995
416 494
216 888
595 1237
344 1604
923 1361
974 2132
449 680
1329 1907
734 2402
2081 2531
434 2130
724 1889
546 1041
71 2382
21 283
1725 2053
735 765
346 394
1054 2222
1254 2456
172 201
1367 2284
655 716
1044 1107
989 1008
847 888
303 888
512 1265
1103 1742
1195 2866
1188 1446
173 1410
147 1418
708 1850
2700 2792
470 2167
431 1142
498 982
5 665
580 956
614 2141
1027 1201
753 1563
376 2397
486 2234
664 2866
109 3005
1046 2419
248 2630
1803 3187
260 3259
1660 2420
17 828
1386 2834
1456 1689
829 1000
1738 3007
85 1215
199 1533
485 658
675 968
1303 1879
799 2004
50 84
1007 2126
148 1211
1501 2988
1268 1276
1805 2120
743 1904
10 913
552 834
680 2095
633 2741
281 1489
322 2338
1192 2640
43 853
1006 1879
252 1151
341 811
2027 2531
290 1248
493 826
1175 2362
2170 2526
906 1451
1724 3081
168 1726
1411 1956
1470 2586
990 1353
361 1470
360 2881
396 1892
68 131
580 1130
1825 2987
1113 1625
1639 2010
2170 2383
1585 2071
391 1509
649 3116
108 1710
2380 2874
1222 1742
416 732
978 1227
1843 1887
151 1879
1794 2113
1458 1997
656 2551
771 2211
336 862
324 2531
1133 1325
1349 1821
474 734
2533 2647
1959 2186
524 1265
452 1302
1274 2461
258 1292
1082 1113
389 1788
201 1553
586 2658
1372 2035
737 2186
652 1188
366 2124
277 2182
1367 2161
2421 2668
835 3170
609 1249
236 2125
295 2362
131 1727
1013 1691
413 1376
903 3184
1381 1998
55 1678
888 1409
982 997
944 1421
850 857
734 3029
649 903
742 1176
73 124
201 2666
375 1135
139 507
406 1588
584 1392
556 1894
685 2533
316 2698
1101 1296
1508 2123
1333 2572
535 2214
419 1374
271 1917
796 1133
65 1776
102 863
899 1957
95 318
508 835
165 2115
438 1734
1197 1709
1579 1877
212 1746
580 2732
30 905
14 2589
811 1360
150 859
127 477
399 907
1581 2099
387 1426
397 2774
474 1048
288 2589
925 2034
250 325
166 940
132 1588
1241 1452
338 2655
656 2442
951 1264
63 361
114 356
389 1406
1459 1658
1607 1815
337 1194
437 1422
741 2551
2575 2640
80 393
1264 2985
942 1488
502 1221
1 386
711 2784
209 396
1204 1927
167 309
312 1461
1678 2383
979 1852
514 698
549 1235
513 1886
45 1852
880 1010
2793 3026
98 2057
474 775
414 2740
33 1716
2004 2988
1636 1651
505 583
433 1727
734 1895
2551 2950
1368 2135
787 916
570 1039
1904 2491
2293 2530
95 1900
305 1715
178 530
463 1860
203 836
18 2483
746 1686
730 2928
444 887
519 1222
1355 1699
1146 2752
693 2585
888 1574
985 1670
1230 2317
1150 2116
2010 3041
24 2009
577 1965
1071 2123
291 909
1014 1392
231 1338
33 776
23 2971
583 1286
1283 1387
2112 2277
385 1926
1213 1632
979 1663
279 727
138 598
609 1819
789 2215
1290 1807
1265 1927
406 1176
2260 2438
163 3094
387 2184
593 705
558 1090
478 3105
325 857
104 941
382 1712
1668 1891
37 688
1644 1812
1068 2457
234 1884
1351 2700
328 1295
1681 2005
1152 2650
1182 1844
685 1395
780 919
941 1493
893 3014
616 3170
720 809
1462 1782
448 714
586 1953
582 2122
388 1859
486 2146
887 1996
1185 1461
1529 1875
1567 2341
299 3302
59 892
898 917
166 1027
985 1394
240 975
1534 1872
1173 2572
921 1587
540 1081
272 850
562 1278
413 1353
99 317
441 1549
594 893
417 1532
1135 2217
1629 2142
1741 1824
26 256
247 1295
204 2721
650 1288
1412 1921
2461 2865
1068 2005
1372 1738
725 1797
1301 1569
493 2107
359 2457
392 2693
36 2348
1265 1806
811 1185
1466 1887
272 2678
1040 1374
641 3006
136 321
601 1957
337 1348
836 1466
45 1009
402 1052
942 1428
1488 2483
147 1853
763 1352
2461 3156
343 1956
557 2338
1663 1918
217 407
199 1849
438 1631
479 1470
1807 2038
357 967
1197 1655
487 1452
339 1255
1950 2866
270 1545
83 1433
279 1555
746 2597
2019 2409
25 1978
530 1772
757 1887
1619 2768
602 932
183 411
478 808
256 1995
709 1580
22 554
571 778
132 1256
1222 2712
102 1997
352 1725
1254 1975
286 1533
802 3163
2100 2924
1002 1942
1002 1189
741 2861
711 1707
764 1682
64 3302
374 923
294 846
1173 1550
483 800
567 579
3124 3267
1341 2655
301 2703
350 2243
282 3297
1326 1959
1102 2113
291 508
278 3304
1455 2402
258 2840
475 759
128 1778
124 219
1452 2245
391 501
1300 2003
1620 2081
879 1137
18 1496
23 1538
180 442
314 2004
357 1748
102 296
610 1302
519 1741
1089 1604
250 541
2005 2910
1152 2372
298 526
650 2779
1552 2026
333 978
237 392
267 772
122 702
352 2383
163 2560
1102 1923
757 1348
23 567
902 1629
81 1310
1749 2175
1216 2977
1138 1166
111 128
144 3210
1714 2725
535 1676
523 1090
783 1004
105 2861
905 1688
137 1826
64 285
264 776
38 1640
11 255
255 794
579 748
1640 3245
1549 2970
848 1746
1134 2593
63 1812
223 2400
575 1859
2732 2774
707 1094
65 2107
2642 3129
653 3186
2152 2160
690 820
917 2208
1742 3015
1299 1897
1637 2846
291 2203
148 1219
823 1092
669 982
1074 1805
216 364
1587 2130
757 1889
1295 1385
53 826
2243 2745
70 1144
1367 3080
1158 1728
552 1464
2071 2586
734 2397
568 3184
1236 1256
1211 1961
249 304
553 1374
133 1867
964 1950
214 1939
1762 2172
535 616
861 885
1572 1686
325 1727
894 2329
604 1190
943 1331
160 252
699 1294
772 1945
1138 1640
547 1009
134 809
766 1248
1002 1190
1402 2456
160 655
844 2594
369 2551
482 904
990 1640
1647 2457
343 1526
62 472
1543 1699
244 1367
34 1471
582 1048
1 993
817 1217
145 161
1195 1300
294 578
52 1043
1938 2094
345 497
1637 2670
342 2670
997 1506
1925 2215
1745 2140
1358 1748
535 2009
873 1683
945 2987
690 2317
209 609
1254 1664
2338 2515
53 2166
15 1089
260 978
80 854
112 364
658 2397
15 2679
174 2024
722 2001
567 3132
660 1442
1241 1844
806 2881
935 1294
1953 2534
1340 1826
786 1714
2032 2640
416 1828
266 877
1229 1413
82 365
642 2352
2122 3079
1116 1652
143 602
541 2083
1221 2364
40 443
489 847
374 542
754 1169
139 292
1126 3022
573 1634
1935 2104
165 247
550 619
1231 2640
330 2846
450 471
160 2439
862 1405
441 478
492 2639
913 1181
1268 2300
545 1286
270 2732
1006 3167
113 677
1180 1634
2456 2633
421 2987
1136 1175
1683 1806
661 1459
233 1096
583 1531
592 997
1192 1781
79 1480
832 1790
688 2703
647 3210
371 387
1315 1895
842 1636
1658 3125
1301 2423
79 1663
1088 1144
1803 2010
252 483
489 1123
208 3118
1173 1232
10 1204
217 1913
1173 2341
1457 2234
407 1628
28 1080
254 988
1452 2125
1436 1490
1406 1418
137 548
621 951
18 2828
228 1264
522 552
2107 2113
786 1532
715 926
1074 1561
320 1334
675 1911
1627 2184
560 3081
1072 2279
1788 1987
175 915
266 1618
85 1465
341 1554
524 912
395 1019
554 818
59 503
188 1639
1514 1762
647 978
2124 3014
2093 2706
885 1470
570 3044
508 1422
1027 1999
758 1730
287 1911
820 1967
481 2194
515 1138
406 1494
956 2343
545 1610
394 1196
286 669
103 288
452 1705
745 1064
325 1900
335 1489
601 1847
1393 3267
289 568
869 2395
595 1079
311 1812
1198 2650
865 1852
502 2472
837 2055
805 964
783 2740
1704 3021
1533 3186
883 1465
925 1538
1588 2276
7 1227
276 980
829 1880
277 2057
879 1952
245 369
1064 2176
300 2579
527 2774
1190 2852
1736 2375
135 1867
1268 1319
1553 1932
714 3118
78 1046
233 1781
1006 2931
644 746
1797 2110
404 952
18 1990
1169 2113
770 1598
596 1181
893 2402
505 835
53 2345
768 2457
1101 2771
855 3044
232 1426
498 1871
1216 3175
560 1309
230 1601
170 310
307 859
453 1980
2217 3236
440 2526
40 2669
610 1631
11 520
2846 3116
275 779
809 1406
828 881
804 1516
1303 1803
773 903
1371 2488
58 2455
518 2136
1170 2641
898 957
1790 3125
728 1713
450 2795
100 417
53 1982
946 2130
1884 2182
730 996
2557 2670
502 2448
420 1735
789 2944
1758 2766
277 376
1206 3041
111 1679
656 762
1266 1967
1849 2491
85 1280
761 1572
830 1959
455 1264
814 1907
189 1526
275 1942
2006 2053
487 3156
681 1561
663 1283
22 2708
571 2532
1739 2745
887 1087
633 1573
1417 1461
243 1445
452 1060
144 2372
177 3121
2009 3267
1402 2290
1446 2013
20 682
137 2066
1239 3014
414 1664
107 1894
234 729
336 1944
1182 2009
1967 2129
8 101
1618 3118
1028 2981
1124 1707
1325 1884
1867 1901
365 2655
1554 2186
851 3129
1489 1997
916 2050
780 943
1065 2124
1013 1680
2800 2859
613 2560
1201 1930
733 1589
159 1110
813 1610
285 873
1436 2049
1884 2784
825 1739
501 1770
2856 3167
987 1185
133 2010
1127 2407
454 545
402 715
1000 1010
95 997
310 913
390 581
509 2052
1287 2058
573 1471
235 1926
966 2546
592 801
2290 3254
1092 1144
1481 2986
168 1729
369 1526
319 1651
408 1625
620 1418
587 1217
258 299
468 939
662 2169
90 1668
1044 1684
13 752
591 2152
603 754
377 1144
8 13
1194 2290
1890 2585
119 2775
1216 3166
1016 1120
336 522
620 626
1481 2988
1685 1853
576 1500
369 370
1215 3185
1425 1773
326 1966
641 1285
254 800
831 1291
626 1300
263 847
1553 2019
863 2075
685 1242
41 1618
244 962
535 1379
393 1317
270 954
780 3160
268 1777
250 2222
850 1264
831 983
630 2892
346 2365
1501 1634
627 1752
2455 2811
749 2341
975 2971
268 1418
574 1806
1644 2049
558 1058
443 3287
1539 1555
1805 3086
505 2182
321 751
668 1266
568 2044
373 3236
1206 1970
475 1182
604 1340
858 1583
333 1201
1225 1450
453 1911
497 1945
832 967
298 782
894 1598
185 1982
1730 2462
2176 2704
871 1443
384 593
1450 2284
493 547
774 999
123 1736
327 1867
953 1363
904 956
818 2600
433 3170
2481 2743
105 841
3256 3273
457 2668
10 979
1081 2129
133 1859
378 1456
813 2184
417 940
1300 2796
516 1980
729 1968
89 2388
576 987
449 1251
502 1850
704 2135
167 1832
11 1614
806 1658
87 1414
647 1906
233 318
2677 2813
694 904
693 719
559 1145
1218 1230
2706 3218
170 1197
1089 1377
272 1858
2028 2341
727 1953
225 2245
1083 1266
216 1170
168 1164
314 572
450 2600
275 2679
347 1042
80 1450
2184 2655
1918 1956
47 1345
184 1351
1177 2553
141 618
1195 2447
1569 2841
2743 3259
831 2149
1155 1501
63 1007
1013 2650
595 2124
85 135
384 1411
1142 2158
274 2082
403 1844
793 2533
1008 2944
565 1534
19 940
22 341
827 1776
149 243
797 3210
572 1658
101 124
921 2132
134 1004
148 591
395 918
136 3187
418 2827
1433 2186
1470 1663
597 2214
101 1635
1383 1456
378 691
449 1587
1285 1507
768 893
627 1249
1249 1643
262 1793
1688 1740
869 1335
36 1782
1171 2038
862 1434
314 2116
1884 2003
1417 2793
547 3014
166 1737
1124 1550
475 1315
186 253
830 2025
797 911
96 869
1246 1605
12 1533
376 548
1260 2083
595 1888
687 2430
10 362
803 3263
553 923
903 1778
20 2438
1176 2917
146 899
471 2687
276 1128
542 969
85 2647
1609 1966
477 1242
856 945
773 1207
1149 1943
1175 1590
1507 1996
1196 2866
1011 1381
1208 3275
243 1135
70 1873
160 1700
1501 2995
29 364
902 1322
746 2640
216 1512
151 994
788 1864
1144 2881
1644 3005
369 740
557 906
1295 1817
490 647
320 2531
651 1333
2035 2722
2028 2400
1632 2132
2962 3015
425 2167
766 1129
2084 2113
77 1458
1260 3159
1684 3041
37 1553
1128 1294
766 1406
1007 2111
684 1074
1591 1766
7 279
568 821
1249 1700
159 1268
863 2865
238 2172
247 2865
534 737
1881 2036
14 728
778 1798
609 1634
242 1711
1146 1860
270 678
36 1119
111 2094
434 858
358 1142
1046 1681
625 1445
981 1001
446 1363
142 747
1363 2577
142 1423
293 412
422 2752
309 1237
5 239
1918 3049
646 3086
306 850
1464 1860
2462 3237
1256 2400
1950 2057
135 1704
338 754
269 1016
510 1328
598 2060
552 1664
262 316
221 1506
686 741
923 1422
43 2149
847 964
448 1719
1233 2134
173 674
283 1922
1120 2036
220 297
395 887
1376 2712
786 1173
404 848
2577 2587
450 3209
830 1874
346 904
1392 1480
550 1255
1010 1516
996 1352
619 1341
1995 2082
455 679
626 977
323 1712
592 650
1504 2864
769 1385
840 3245
2557 2625
114 392
676 2813
1046 1270
1732 2386
234 1891
1089 1285
859 1365
344 1631
377 830
399 1995
698 1509
1031 1079
572 665
513 939
16 2791
235 561
198 1682
420 3009
1 2005
1500 1820
245 792
889 1899
1335 1710
605 2895
197 1440
750 1913
788 2420
747 1985
905 1257
11 1462
30 1240
98 1879
754 951
984 2200
603 2284
722 1982
169 759
83 482
345 556
1250 2276
1354 2203
305 1260
93 706
582 661
39 1490
238 696
700 3118
569 2846
1285 1333
144 687
122 1501
2697 2784
330 1340
1180 3043
55 470
491 961
1981 3124
1506 2677
1015 3256
751 899
526 790
1385 2083
33 426
706 2211
674 2864
1952 2495
348 1805
2483 3145
345 528
340 379
870 902
171 1361
1966 3081
782 2300
929 1970
413 2092
428 434
1054 1854
561 1088
287 1263
32 718
1408 3016
1655 1951
339 2874
1393 1582
868 1481
441 522
643 1553
301 956
461 2586
13 820
169 2105
70 1294
128 265
232 3116
692 1529
793 2072
250 1227
904 1812
210 1879
774 1912
192 1155
263 2679
489 989
572 579
946 1513
1918 2642
54 421
359 2051
141 1130
555 1063
485 1567
375 1660
662 682
54 250
1256 1499
718 2291
140 374
198 1277
640 1337
1164 1949
345 868
1456 2981
1118 1226
1533 3163
77 3159
982 1620
954 1248
1767 2546
679 1582
1574 3044
1938 2658
383 1410
33 1573
473 1939
1051 1944
847 3254
42 1794
940 1825
200 2116
474 2172
580 837
478 682
526 1102
419 2050
98 1152
706 3154
620 1190
286 3170
920 1160
329 668
757 1714
1534 1854
1533 2971
918 2009
461 1169
38 1627
849 954
1079 3043
2395 2725
1451 3294
32 3015
14 186
747 2049
521 3235
350 1402
289 2267
1815 2774
668 2361
91 2003
603 2928
2025 2800
725 982
305 2840
557 1676
1313 3256
792 1244
142 1644
413 2053
1450 2394
741 874
875 1744
1874 2652
1102 2514
773 1874
1922 2081
1423 2340
1625 1932
543 2171
389 2051
246 731
1103 1927
117 2002
359 1464
169 1590
995 1661
116 169
335 1579
233 1681
1647 2234
119 1047
291 761
402 462
596 1285
215 2151
258 351
520 1923
1480 1506
1159 1942
335 2215
1008 2529
1094 1286
213 2985
344 743
93 1715
160 1545
835 1738
100 1980
1544 2094
42 1885
49 1583
500 1482
1927 1990
365 986
1303 3170
37 1062
357 1370
382 716
983 997
1283 1867
436 1598
754 2361
355 1748
1422 1526
13 1683
2455 3079
1873 1880
165 552
1159 1940
1514 2000
289 1718
863 1326
528 1107
204 1188
543 1277
77 396
779 2697
523 3131
866 2928
1727 2600
152 1680
123 2166
1200 1953
1014 1900
143 2721
392 579
281 1644
801 1233
374 2169
606 1977
1499 3304
796 1634
84 521
284 1169
742 3105
215 2633
942 1870
271 775
450 1425
305 2834
1 686
889 2007
313 840
904 1598
923 1778
1458 1961
846 3006
1213 1637
111 3086
1685 2840
715 1372
1402 2343
454 1894
1359 1417
150 1875
330 692
586 1149
128 375
396 2254
1342 1552
784 786
168 1858
567 1350
455 747
64 1402
572 2072
1894 2775
714 1590
428 456
974 3154
1254 2340
166 443
299 304
445 1555
1797 3112
871 2300
126 1228
1821 3245
2078 2386
576 599
689 1968
1625 2673
1144 1292
2362 2813
1059 1892
321 3029
1006 1053
108 925
917 1274
485 974
308 555
705 833
399 2419
143 1534
543 1283
978 1668
293 1773
832 2779
551 1335
521 1790
331 478
181 2729
179 1605
767 1171
561 1435
169 3044
240 1007
842 3210
1254 1494
854 2467
613 2071
316 1047
650 1952
618 2084
1409 2706
35 562
557 1736
1047 2158
709 991
540 902
1918 2175
756 853
368 1310
7 1117
933 2094
389 2650
747 3306
211 440
1459 2124
297 3021
1094 1957
139 1004
522 545
663 883
382 1048
1745 1824
404 1266
876 1875
856 3297
689 990
708 1598
1398 1870
1955 2119
2625 3121
145 1519
1173 1815
1149 1264
437 483
691 1504
36 981
675 1115
1520 2034
1607 2531
1139 1763
217 1365
478 1016
103 1879
1008 1338
80 1865
528 978
42 736
252 1032
2113 2731
140 452
219 1680
567 1601
296 1623
323 1090
748 2732
1392 3086
30 1715
108 1736
444 1434
863 2343
1250 1274
933 1758
925 3112
492 2671
2673 2703
319 2028
1610 1997
292 1366
551 981
110 805
549 1259
838 2119
899 1539
801 1887
1092 1440
1584 1727
741 990
712 1880
660 1930
159 280
667 1488
285 1115
116 472
200 1071
505 1258
1113 1656
944 1500
1220 2082
43 2792
394 1861
758 3157
915 2083
398 1215
1221 2745
679 1300
766 2928
282 2779
122 123
952 1480
324 622
101 1685
1581 2075
1950 2571
43 605
643 2421
213 1458
624 1934
1159 1222
667 1433
109 562
491 2319
2398 2732
846 1990
424 1358
1520 2983
430 2678
52 292
1634 1927
28 1525
1919 2000
157 425
500 1510
743 2577
396 2529
1414 3118
801 804
146 738
662 2699
256 1960
30 746
831 1065
676 1722
3009 3160
450 920
944 2066
341 656
364 1331
238 2026
1817 1887
230 539
2594 3132
1144 1207
64 1032
402 505
1125 2402
1812 2625
1255 1411
161 2655
1679 1683
600 863
701 1116
195 1934
1101 2861
1705 2553
1525 1590
204 2698
483 842
2457 3159
683 897
626 1851
116 2597
647 781
409 1215
55 1891
633 2136
622 2093
986 2970
358 579
134 442
594 2852
282 1957
883 899
1274 2130
955 1643
273 589
1552 2658
4 510
590 2743
1247 1331
1232 2530
736 2386
1815 1990
1043 1285
483 893
1918 2215
704 2995
648 2375
320 726
1615 2754
686 2510
343 1149
187 3206
90 2010
2321 2741
1726 1960
913 1895
375 1682
1039 1207
866 1434
570 849
1985 2640
163 396
369 1280
5 1125
2261 3229
661 666
773 2047
1191 1480
464 1682
247 618
515 975
338 688
1441 2861
2375 2407
779 1770
807 1094
879 1160
691 1846
1413 2456
1966 2430
923 1291
104 548
864 951
1180 2892
1353 1393
60 194
1208 1627
1224 2703
1946 2443
355 2678
1043 1553
821 1623
344 476
116 2386
2 119
1584 1887
2401 2699
522 1299
2243 2752
45 493
77 394
354 503
620 898
456 470
267 1361
1141 1745
121 2007
767 831
1663 1708
583 2673
562 1588
534 2203
492 1638
672 2532
606 2859
795 933
655 1513
611 1406
158 353
228 1739
938 1060
819 2211
1880 2345
1790 2085
559 3259
420 938
82 254
124 1350
256 657
2098 3006
861 2291
35 203
144 708
771 2107
232 434
331 1481
539 624
729 784
1441 1651
1334 2864
373 708
385 772
1778 1982
388 2395
319 1458
854 1180
1187 1432
826 3306
1489 2861
1530 2658
172 1613
241 2171
98 1285
59 833
1139 1256
2042 2258
782 1999
887 1950
1750 2162
167 631
1902 1903
561 1046
1822 3006
978 2094
951 2283
787 2362
159 378
556 876
1762 2142
329 731
929 2057
1061 1849
1903 2481
1451 1688
1493 1609
483 1601
974 975
382 966
46 1169
526 1077
448 1446
1766 2881
1291 2077
762 1128
825 2364
977 1676
152 1141
244 1222
618 2624
13 183
2105 3122
1283 2740
540 1266
147 1098
812 2084
1082 3045
222 436
2169 2851
787 1470
940 1093
675 2479
631 2074
684 2162
2258 3156
675 2706
613 1302
585 1712
420 507
490 513
255 936
551 1372
96 1843
92 1003
590 2892
430 2792
795 1907
705 1140
387 952
1133 1638
1286 2587
1287 2096
643 2423
659 677
1243 1481
127 966
2116 3014
12 229
560 1465
289 488
430 971
1682 2048
219 2026
68 3235
614 2856
921 1451
693 1579
652 2650
1767 2267
1552 1918
1540 2546
911 3132
978 1753
576 694
981 1945
55 491
848 1435
202 1213
687 993
832 1897
766 1607
381 828
1436 2085
1096 1170
1258 2495
263 744
1101 3163
1508 3029
1016 1864
1394 1640
152 288
813 2116
127 2321
1623 1886
104 3118
833 2510
266 1900
966 987
545 1173
473 2060
712 975
930 2420
1608 2067
909 2771
375 2077
507 1752
688 851
623 802
186 524
59 2006
744 885
219 3157
1960 2466
1102 1255
898 1383
935 2062
1190 3108
6 1745
1953 3043
201 260
152 2106
173 1264
1539 1781
1372 1545
702 1221
952 2037
1397 1680
1623 1649
2796 3118
1003 1018
454 531
1940 2038
752 2120
917 3108
16 479
1425 2035
1191 3294
1888 2585
164 424
148 1388
53 1992
1351 2420
408 3211
16 1059
2077 2386
415 947
776 2026
1540 1592
1197 1495
275 1659
402 3154
45 2171
642 1158
373 918
1841 2985
1864 2092
481 1847
234 2079
1832 3006
1643 2962
607 1259
355 814
643 1795
2036 2650
731 1341
225 1268
1071 1433
877 2082
1821 3081
1185 1561
230 482
460 1729
560 2442
207 636
95 2766
677 766
1007 1609
922 983
132 307
1659 2856
1173 2577
1286 3297
504 854
209 537
637 641
187 635
675 1043
950 1370
173 1138
188 1567
1540 2184
205 1820
585 2167
2186 2211
1529 1546
128 830
887 1615
1286 2104
1465 1735
1552 1684
2004 2771
1082 1733
246 2124
976 3157
1709 2647
1788 1949
876 1952
1880 2423
293 1715
667 1662
57 1707
550 1019
579 2514
661 782
1817 2173
667 2827
1788 2348
921 1934
1852 2572
121 523
665 1290
369 3269
184 1295
557 2317
108 1192
549 1013
436 2571
844 1408
730 856
797 2051
1598 2401
712 1441
194 2740
1496 3009
112 1574
225 947
473 3187
996 2731
911 1777
390 3086
219 367
627 1443
698 2813
534 1141
260 449
481 3184
506 2028
187 941
819 3112
212 1851
333 1471
857 1715
734 2589
560 713
1288 1679
14 1342
602 1402
1040 1875
77 2557
264 1219
1588 2167
1009 1421
607 674
863 1317
833 1068
381 1981
1879 2173
934 1619
728 2033
515 672
1753 2260
971 2129
830 3022
1659 2141
1117 1882
870 1357
132 1736
778 2037
1161 1454
126 278
180 323
130 759
549 2093
993 1266
1197 3131
505 1151
790 2093
132 1955
353 1727
400 1600
558 2175
1342 2865
2895 3108
667 1629
1371 1420
1859 3005
1494 3124
775 2678
1290 1351
807 869
836 1237
1466 1588
207 359
1345 1574
803 1625
712 3287
150 3121
587 2243
2013 2864
164 1959
201 2540
1942 2841
83 474
362 690
645 1638
538 756
243 1210
235 3094
141 221
170 1096
49 1379
19 2746
147 275
1501 2137
66 1793
659 1216
416 540
210 523
6 682
540 1605
297 546
16 1186
2122 2402
1662 2924
435 1296
291 1850
199 1543
656 1260
1992 3229
476 2168
396 2006
20 1733
53 242
1856 1890
498 669
1022 1828
80 1379
2072 2553
193 1638
61 907
505 1806
1224 1264
902 2986
1232 1258
78 623
2647 2740
1412 1506
14 1613
2382 2666
621 1339
1374 1381
251 1590
706 1339
1724 3235
404 1572
2317 2420
537 3210
1298 1902
1588 3108
1411 1525
683 3005
643 813
2058 2779
272 1632
647 853
350 1042
919 925
73 2481
400 867
1828 2081
236 783
442 2920
616 2579
304 1065
423 725
410 608
8 1860
321 1673
1344 1670
679 2047
1967 1987
1975 2775
422 2004
1543 1610
1256 2141
346 1313
1358 3007
88 3245
227 623
182 1355
389 446
1339 3188
76 1748
726 822
1013 3154
183 557
872 1973
595 1137
669 1858
933 2076
692 985
1192 3156
1740 2514
637 2423
1618 2362
383 2129
966 3132
308 844
551 3273
1490 2624
57 1587
121 2174
716 1931
86 1011
95 776
741 1411
1631 2421
987 1421
244 1096
1394 1913
1313 2515
960 1938
286 366
442 1926
251 1661
620 1455
218 1493
27 2448
1164 1886
2467 2771
858 3141
740 2950
79 324
1136 1826
171 2743
1522 2004
2097 3229
855 1264
2002 2592
666 942
1250 1797
819 2027
35 348
1225 2775
658 1068
649 1392
183 1882
521 1925
329 1128
17 1239
1386 2034
722 2741
208 838
1121 2057
807 2079
211 347
1587 2076
1643 2466
230 1721
1507 2060
1949 2078
1235 3188
1615 1738
1926 2852
919 2407
578 3235
146 1325
143 235
1407 1885
1759 2074
77 2084
592 756
921 1868
1230 2170
796 819
495 2134
1303 1605
611 1728
541 1599
2245 2962
1788 2133
1882 3297
968 1091
1003 1411
1733 1781
523 2267
780 1102
1482 1616
636 756
810 1247
326 1951
73 146
828 2529
423 2081
82 244
1003 2712
401 2072
806 953
756 1296
850 1310
262 582
204 311
1402 2094
1619 1898
59 1146
672 2100
725 817
261 685
1773 2944
460 644
463 1526
1506 2386
543 706
831 1385
149 832
33 1719
517 1120
220 829
1388 2687
2386 3080
185 1204
1682 1923
520 2074
857 864
389 747
1725 2625
291 2338
2006 2074
1892 1939
185 666
1179 2060
339 971
470 1540
395 1379
542 1088
618 687
286 1668
806 1750
838 1445
1904 3026
1080 1748
1266 1442
604 1850
84 2174
94 2910
776 1726
1854 2658
177 1393
740 981
819 965
33 1500
710 1580
967 1871
1130 2869
666 1108
2294 3165
158 2300
310 1315
400 1553
508 1749
376 1537
141 2352
611 1682
1852 2754
1032 2005
411 1161
579 1545
848 2161
553 760
428 2099
548 1543
976 1573
563 3188
1588 3211
248 1746
511 1475
1466 2073
815 1207
