1 33
82 152
208 210
49 148
136 201
60 197
61 93
160 178
142 189
138 203
106 178
47 81
33 121
21 249
32 122
214 229
47 49
5 19
95 114
66 219
132 240
39 184
11 190
161 256
16 155
39 81
254 261
182 248
139 159
3 12
148 155
160 176
216 217
59 213
17 208
241 253
88 193
76 115
239 261
154 254
59 112
76 145
192 235
172 215
131 158
41 59
143 242
86 264
28 204
172 201
135 230
169 224
77 217
54 111
3 190
51 112
204 209
33 105
186 215
76 154
120 172
19 256
173 215
14 155
109 144
42 162
75 219
44 256
11 187
115 242
96 160
7 205
153 207
190 226
105 174
12 171
139 223
49 120
190 244
178 252
111 242
119 196
39 220
28 209
37 88
40 255
68 207
190 257
96 256
17 213
188 260
6 191
60 202
59 187
182 239
33 86
208 261
224 245
47 80
121 130
82 214
106 115
216 253
24 234
2 227
59 217
182 228
121 245
171 246
44 165
77 135
66 127
46 199
220 229
114 219
166 231
69 203
163 171
41 124
39 132
183 252
176 188
37 59
51 161
161 246
60 85
32 212
253 264
161 208
115 151
14 45
154 255
140 241
218 263
43 197
6 223
157 221
102 188
25 179
168 233
70 78
179 216
115 221
155 188
12 121
2 197
7 43
58 226
63 64
52 198
61 250
96 152
14 41
19 126
175 205
37 235
84 165
168 201
18 190
25 80
187 210
20 143
23 152
78 176
217 263
131 224
228 264
131 168
66 169
78 261
5 70
5 239
5 145
56 80
122 239
236 248
64 224
181 210
236 241
125 226
104 195
93 241
120 204
179 238
22 260
172 250
20 108
56 181
33 47
54 145
3 223
3 165
146 191
131 249
31 189
30 78
52 139
59 234
9 259
96 125
29 119
97 190
9 91
141 236
176 232
190 191
186 197
117 229
6 127
15 161
48 236
202 206
192 260
118 235
150 210
128 197
104 216
119 159
36 213
155 233
120 257
29 95
200 226
241 244
102 132
130 184
60 75
218 223
16 197
6 139
10 102
33 153
137 214
108 217
83 170
151 223
188 230
80 157
102 124
96 109
30 186
15 85
241 258
3 197
35 69
90 215
148 180
86 108
2 70
58 97
134 198
122 217
125 183
22 103
57 139
112 163
86 249
234 263
41 57
33 163
41 52
28 259
51 248
49 167
137 223
67 170
92 186
135 265
142 171
26 259
14 212
118 160
126 192
121 132
43 62
92 208
30 68
10 34
130 207
66 85
7 210
62 175
57 246
52 234
196 209
26 172
10 183
40 149
150 176
109 141
66 191
21 226
28 223
86 90
158 208
33 146
153 186
69 229
179 244
32 239
13 260
24 58
49 235
17 163
164 256
83 188
198 211
197 264
164 186
85 104
16 120
80 260
30 114
34 125
51 253
