20 111
19 31
121 174
105 149
44 214
68 180
147 151
156 258
41 192
179 241
112 263
65 79
18 253
159 200
87 175
25 217
60 220
65 139
187 227
33 259
128 247
193 209
65 77
48 126
76 100
171 225
17 126
86 219
4 162
202 222
1 15
3 143
28 118
96 244
39 81
103 199
102 234
204 237
40 126
42 140
127 175
97 112
209 265
107 180
16 131
179 208
144 187
120 210
126 229
90 92
116 234
188 252
198 230
140 146
156 217
96 217
1 214
26 159
168 202
203 205
187 253
79 216
184 247
17 217
207 216
48 77
111 179
121 206
122 245
52 165
130 260
238 246
15 90
1 263
202 223
138 252
194 236
17 46
64 208
44 146
117 176
5 125
101 139
156 224
82 163
143 204
148 152
163 248
103 249
63 186
91 113
39 185
167 174
22 204
20 94
240 242
136 230
58 84
186 261
33 111
156 216
23 131
163 265
56 84
20 56
58 115
127 225
207 215
87 231
11 90
33 113
94 255
26 142
58 203
218 254
129 156
23 166
161 216
51 161
160 174
80 90
55 162
88 135
253 264
227 248
120 258
64 206
201 208
43 242
12 109
49 61
18 104
100 116
66 213
70 167
127 228
191 199
100 156
111 184
163 222
60 158
142 218
119 230
63 170
162 188
48 153
16 187
163 167
43 119
5 88
172 177
2 179
120 168
233 248
220 256
27 211
70 83
25 43
107 167
199 246
19 102
27 232
35 118
103 210
47 151
68 138
21 228
141 189
33 51
47 261
90 142
56 80
25 149
112 232
117 258
23 52
135 242
69 185
111 206
94 119
101 116
11 163
77 177
41 116
141 201
39 43
183 240
45 87
25 31
149 191
177 231
41 189
35 242
188 219
62 103
67 120
6 228
206 258
126 164
94 186
36 209
66 80
146 197
185 207
23 182
212 233
205 228
36 122
6 9
153 236
90 172
13 107
53 233
27 226
54 260
23 124
88 216
34 132
83 191
111 254
117 254
17 88
122 224
43 233
36 249
90 238
42 149
40 53
97 264
19 195
102 225
100 150
75 163
195 227
25 161
108 157
65 118
95 175
83 199
58 63
181 241
109 111
65 128
107 126
92 103
81 124
131 172
22 103
61 127
166 238
42 221
1 125
213 242
15 137
193 235
105 170
49 168
158 214
49 163
112 176
81 252
23 261
60 243
111 224
120 192
9 36
15 108
137 231
148 175
5 58
106 261
28 95
77 142
112 188
174 190
39 248
215 221
103 105
138 170
31 258
48 137
51 67
59 161
144 209
20 62
64 144
144 189
11 111
85 255
178 203
38 158
153 164
108 168
139 207
68 100
20 172
83 171
165 247
9 88
187 218
115 142
31 186
45 122
22 76
77 209
20 212
204 235
18 27
44 93
97 200
23 178
162 227
121 202
172 260
18 68
