47 246
48 237
92 104
115 164
53 167
217 235
118 237
21 180
116 117
70 211
52 126
106 173
80 204
102 252
171 186
29 62
47 81
92 225
198 240
19 119
156 213
65 105
214 229
46 264
84 103
75 249
22 60
131 142
146 232
160 182
43 75
91 144
102 213
12 184
156 193
128 153
79 213
30 202
90 205
170 221
205 259
47 225
112 137
11 215
26 183
17 208
158 162
83 192
68 86
58 216
95 157
81 118
30 38
64 156
85 207
97 175
116 265
134 194
101 150
250 252
7 226
155 243
18 132
223 244
65 208
143 225
13 152
13 155
91 135
86 120
4 96
241 243
109 163
13 220
69 235
42 260
147 184
167 265
80 256
65 69
11 160
139 164
19 167
63 191
246 265
80 96
178 252
164 193
2 126
78 112
92 211
35 66
142 248
172 229
26 196
52 130
3 125
32 174
100 199
207 215
26 223
164 173
174 239
115 175
102 141
19 221
167 249
2 231
26 142
18 87
188 197
121 245
14 69
43 105
95 149
138 178
21 115
101 196
183 195
41 124
117 186
57 205
9 227
16 250
118 164
122 131
153 155
32 161
65 189
2 129
11 211
40 43
148 240
175 239
154 239
154 162
93 263
65 116
189 224
17 49
15 75
16 56
92 181
1 216
12 155
65 169
65 250
172 252
129 207
128 167
158 215
25 130
227 243
121 137
66 189
94 151
105 219
138 159
91 127
26 88
198 215
47 117
83 166
94 136
199 247
30 181
23 54
56 252
19 102
42 157
220 228
140 214
20 183
80 102
102 154
130 245
114 264
20 63
141 189
22 219
139 236
40 68
147 244
37 97
17 115
194 216
24 151
171 211
122 172
45 263
14 28
18 164
144 145
19 49
149 159
2 229
52 257
60 240
145 152
47 149
15 131
236 239
7 135
83 255
10 38
127 246
164 192
67 220
60 210
85 150
17 87
219 261
109 126
38 228
164 250
43 88
79 142
171 221
136 177
32 125
28 261
65 117
233 249
2 174
77 169
31 153
32 184
15 209
70 186
10 64
145 224
116 233
118 240
36 48
142 167
65 128
76 209
14 139
5 243
140 185
40 62
122 217
67 94
19 124
83 136
125 150
158 227
136 245
12 53
40 237
158 214
209 254
107 174
117 265
183 214
140 238
101 182
34 159
68 234
11 183
77 137
235 242
192 208
10 175
27 151
174 190
126 183
167 226
33 216
35 85
3 69
87 189
25 152
75 144
172 256
10 47
84 232
135 172
27 44
84 158
36 84
119 243
152 177
120 136
28 116
122 142
15 252
118 171
112 170
36 111
172 219
94 258
152 192
85 233
171 206
16 241
53 120
7 189
129 157
25 242
157 159
49 235
69 196
64 177
125 154
52 205
105 115
192 195
153 208
91 187
38 112
34 77
66 162
26 151
3 151
